"AnchorRepo","AnchorUrl","CandidateRepo","CandidateUrl","CandidateOwner","CandidateLanguage","CandidateStars","CandidateSubdomain","Score","ScoreBase","PenaltyCrossAnchorFreq","PenaltyRetrieval","PenaltyNotes","Qualified","TopicJaccard","LexicalJaccard","LanguageMatch","StarSimilarity","RecencySimilarity","SubdomainMatch","QueryCoverage","TopSignals","ScoreBreakdownJson","WhyQualified","SourceQueries","Description","Rank"
"pytorch/pytorch","https://github.com/pytorch/pytorch","chainer/chainer","https://github.com/chainer/chainer","chainer","Python","5917","deep-learning","1082.93","1082.93","0","50","QueryCoverage excluded from Score (recommended).","True","0.4615","0","1","0.3859","1","1","0.3333","Topic+Lang+Subdomain","{""Topic"":415.38,""Lexical"":0.0,""Lang"":250.0,""Stars"":67.54,""Recency"":125.0,""Subdomain"":225.0,""Retrieval"":0.0,""PenaltyCrossAnchorFreq"":0.0,""ScoreBase"":1082.93,""ScoreFinal"":1082.93}","Score>=MinimumScore","topic:gpu language:Python stars:>=50","A flexible framework of neural networks for deep learning","1"
"pytorch/pytorch","https://github.com/pytorch/pytorch","norse/norse","https://github.com/norse/norse","norse","Python","804","deep-learning","1050","1050","0","50","QueryCoverage excluded from Score (recommended).","True","0.5","0","1","0","1","1","0.3333","Topic+Lang+Subdomain","{""Topic"":450.0,""Lexical"":0.0,""Lang"":250.0,""Stars"":0.0,""Recency"":125.0,""Subdomain"":225.0,""Retrieval"":0.0,""PenaltyCrossAnchorFreq"":0.0,""ScoreBase"":1050.0,""ScoreFinal"":1050.0}","Score>=MinimumScore","topic:autograd language:Python stars:>=50","Deep learning with spiking neural networks (SNNs) in PyTorch.","2"
"pytorch/pytorch","https://github.com/pytorch/pytorch","leptonai/leptonai","https://github.com/leptonai/leptonai","leptonai","Python","2805","deep-learning","999.18","999.18","0","50","QueryCoverage excluded from Score (recommended).","True","0.4","0","1","0.2239","1","1","0.3333","Topic+Lang+Subdomain","{""Topic"":360.0,""Lexical"":0.0,""Lang"":250.0,""Stars"":39.18,""Recency"":125.0,""Subdomain"":225.0,""Retrieval"":0.0,""PenaltyCrossAnchorFreq"":0.0,""ScoreBase"":999.18,""ScoreFinal"":999.18}","Score>=MinimumScore","topic:gpu language:Python stars:>=50","A Pythonic framework to simplify AI service building","3"
"pytorch/pytorch","https://github.com/pytorch/pytorch","pranftw/neograd","https://github.com/pranftw/neograd","pranftw","Python","237","deep-learning","990.38","990.38","0","50","QueryCoverage excluded from Score (recommended).","True","0.4615","0","1","0","0.8","1","0.3333","Topic+Lang+Subdomain","{""Topic"":415.38,""Lexical"":0.0,""Lang"":250.0,""Stars"":0.0,""Recency"":100.0,""Subdomain"":225.0,""Retrieval"":0.0,""PenaltyCrossAnchorFreq"":0.0,""ScoreBase"":990.38,""ScoreFinal"":990.38}","Score>=MinimumScore","topic:autograd language:Python stars:>=50","A deep learning framework created from scratch with Python and NumPy","4"
"pytorch/pytorch","https://github.com/pytorch/pytorch","oreilly-japan/deep-learning-from-scratch-3","https://github.com/oreilly-japan/deep-learning-from-scratch-3","oreilly-japan","Python","868","deep-learning","960","960","0","100","QueryCoverage excluded from Score (recommended).","True","0.4","0","1","0","1","1","0.6667","Topic+Lang+Subdomain","{""Topic"":360.0,""Lexical"":0.0,""Lang"":250.0,""Stars"":0.0,""Recency"":125.0,""Subdomain"":225.0,""Retrieval"":0.0,""PenaltyCrossAnchorFreq"":0.0,""ScoreBase"":960.0,""ScoreFinal"":960.0}","Score>=MinimumScore","topic:autograd language:Python stars:>=50 | topic:gpu language:Python stars:>=50","『ゼロから作る Deep Learning ❸』(O'Reilly Japan, 2020)","5"
"pytorch/pytorch","https://github.com/pytorch/pytorch","triton-inference-server/server","https://github.com/triton-inference-server/server","triton-inference-server","Python","10687","deep-learning","915","915","0","50","QueryCoverage excluded from Score (recommended).","True","0.25","0","1","0.5143","1","1","0.3333","Lang+Topic+Subdomain","{""Topic"":225.0,""Lexical"":0.0,""Lang"":250.0,""Stars"":90.0,""Recency"":125.0,""Subdomain"":225.0,""Retrieval"":0.0,""PenaltyCrossAnchorFreq"":0.0,""ScoreBase"":915.0,""ScoreFinal"":915.0}","Score>=MinimumScore","topic:gpu language:Python stars:>=50","The Triton Inference Server provides an optimized cloud and edge inferencing solution. ","6"
"pytorch/pytorch","https://github.com/pytorch/pytorch","Jittor/jittor","https://github.com/Jittor/jittor","Jittor","Python","3227","deep-learning","914.51","914.51","0","50","QueryCoverage excluded from Score (recommended).","True","0.3","0","1","0.2543","1","1","0.3333","Topic+Lang+Subdomain","{""Topic"":270.0,""Lexical"":0.0,""Lang"":250.0,""Stars"":44.51,""Recency"":125.0,""Subdomain"":225.0,""Retrieval"":0.0,""PenaltyCrossAnchorFreq"":0.0,""ScoreBase"":914.51,""ScoreFinal"":914.51}","Score>=MinimumScore","topic:gpu language:Python stars:>=50","Jittor is a high-performance deep learning framework based on JIT compiling and meta-operators.","7"
"pytorch/pytorch","https://github.com/pytorch/pytorch","apache/tvm","https://github.com/apache/tvm","apache","Python","13374","deep-learning","880.19","910.29","30.1","50","QueryCoverage excluded from Score (recommended).","True","0.2353","0","1","0.563","1","1","0.3333","Lang+Subdomain+Topic","{""Topic"":211.76,""Lexical"":0.0,""Lang"":250.0,""Stars"":98.53,""Recency"":125.0,""Subdomain"":225.0,""Retrieval"":0.0,""PenaltyCrossAnchorFreq"":30.1,""ScoreBase"":910.29,""ScoreFinal"":880.19}","Score>=MinimumScore","topic:gpu language:Python stars:>=50","Open Machine Learning Compiler Framework","8"
"pytorch/pytorch","https://github.com/pytorch/pytorch","PennyLaneAI/pennylane","https://github.com/PennyLaneAI/pennylane","PennyLaneAI","Python","3221","deep-learning","858.72","858.72","0","50","QueryCoverage excluded from Score (recommended).","True","0.2381","0","1","0.2539","1","1","0.3333","Lang+Subdomain+Topic","{""Topic"":214.29,""Lexical"":0.0,""Lang"":250.0,""Stars"":44.44,""Recency"":125.0,""Subdomain"":225.0,""Retrieval"":0.0,""PenaltyCrossAnchorFreq"":0.0,""ScoreBase"":858.72,""ScoreFinal"":858.72}","Score>=MinimumScore","topic:autograd language:Python stars:>=50","PennyLane is an open-source quantum software platform for quantum computing, quantum machine learning, and quantum chemistry. Create meaningful quantum algorithms, from inspiration to implementation.","9"
"pytorch/pytorch","https://github.com/pytorch/pytorch","arogozhnikov/einops","https://github.com/arogozhnikov/einops","arogozhnikov","Python","9491","deep-learning","848.25","878.35","30.1","50","QueryCoverage excluded from Score (recommended).","True","0.2143","0","1","0.4885","1","1","0.3333","Lang+Subdomain+Topic","{""Topic"":192.86,""Lexical"":0.0,""Lang"":250.0,""Stars"":85.49,""Recency"":125.0,""Subdomain"":225.0,""Retrieval"":0.0,""PenaltyCrossAnchorFreq"":30.1,""ScoreBase"":878.35,""ScoreFinal"":848.25}","Score>=MinimumScore","tensors language:Python stars:>=50","Flexible and powerful tensor operations for readable and reliable code (for pytorch, jax, TF and others)","10"
"pytorch/pytorch","https://github.com/pytorch/pytorch","d2l-ai/d2l-zh","https://github.com/d2l-ai/d2l-zh","d2l-ai","Python","77931","deep-learning","847.67","973.19","125.53","100","QueryCoverage excluded from Score (recommended).","True","0.2308","0","1","0.9457","1","1","0.6667","Lang+Subdomain+Topic","{""Topic"":207.69,""Lexical"":0.0,""Lang"":250.0,""Stars"":165.5,""Recency"":125.0,""Subdomain"":225.0,""Retrieval"":0.0,""PenaltyCrossAnchorFreq"":125.53,""ScoreBase"":973.19,""ScoreFinal"":847.67}","Score>=MinimumScore","topic:deep-learning language:Python stars:>=50 | topic:deep-learning stars:>=100","《动手学深度学习》：面向中文读者、能运行、可讨论。中英文版被70多个国家的500多所大学用于教学。","11"
"pytorch/pytorch","https://github.com/pytorch/pytorch","keras-team/keras","https://github.com/keras-team/keras","keras-team","Python","64075","deep-learning","842.71","965.75","123.04","100","QueryCoverage excluded from Score (recommended).","True","0.2308","0","1","0.9032","1","1","0.6667","Lang+Subdomain+Topic","{""Topic"":207.69,""Lexical"":0.0,""Lang"":250.0,""Stars"":158.06,""Recency"":125.0,""Subdomain"":225.0,""Retrieval"":0.0,""PenaltyCrossAnchorFreq"":123.04,""ScoreBase"":965.75,""ScoreFinal"":842.71}","Score>=MinimumScore","topic:deep-learning language:Python stars:>=50 | topic:deep-learning stars:>=100","Deep Learning for humans","12"
"pytorch/pytorch","https://github.com/pytorch/pytorch","sktime/pytorch-forecasting","https://github.com/sktime/pytorch-forecasting","sktime","Python","4901","deep-learning","831.81","831.81","0","50","QueryCoverage excluded from Score (recommended).","True","0.1905","0","1","0.345","1","1","0.3333","Lang+Subdomain+Topic","{""Topic"":171.43,""Lexical"":0.0,""Lang"":250.0,""Stars"":60.38,""Recency"":125.0,""Subdomain"":225.0,""Retrieval"":0.0,""PenaltyCrossAnchorFreq"":0.0,""ScoreBase"":831.81,""ScoreFinal"":831.81}","Score>=MinimumScore","topic:gpu language:Python stars:>=50","Time series forecasting with PyTorch","13"
"pytorch/pytorch","https://github.com/pytorch/pytorch","Lightning-AI/pytorch-lightning","https://github.com/Lightning-AI/pytorch-lightning","Lightning-AI","Python","31154","deep-learning","830.13","955.66","125.53","150","QueryCoverage excluded from Score (recommended).","True","0.25","0","1","0.7466","1","1","1","Lang+Topic+Subdomain","{""Topic"":225.0,""Lexical"":0.0,""Lang"":250.0,""Stars"":130.66,""Recency"":125.0,""Subdomain"":225.0,""Retrieval"":0.0,""PenaltyCrossAnchorFreq"":125.53,""ScoreBase"":955.66,""ScoreFinal"":830.13}","Score>=MinimumScore","topic:deep-learning language:Python stars:>=50 | p language:Python stars:>=50 | topic:deep-learning stars:>=100","Pretrain, finetune ANY AI model of ANY size on 1 or 10,000+ GPUs with zero code changes.","14"
"pytorch/pytorch","https://github.com/pytorch/pytorch","streamlit/streamlit","https://github.com/streamlit/streamlit","streamlit","Python","44670","deep-learning","829","952.05","123.04","100","QueryCoverage excluded from Score (recommended).","True","0.2308","0","1","0.8249","1","1","0.6667","Lang+Subdomain+Topic","{""Topic"":207.69,""Lexical"":0.0,""Lang"":250.0,""Stars"":144.35,""Recency"":125.0,""Subdomain"":225.0,""Retrieval"":0.0,""PenaltyCrossAnchorFreq"":123.04,""ScoreBase"":952.05,""ScoreFinal"":829.0}","Score>=MinimumScore","topic:deep-learning language:Python stars:>=50 | topic:deep-learning stars:>=100","Streamlit — A faster way to build and share data apps.","15"
"pytorch/pytorch","https://github.com/pytorch/pytorch","rsokl/MyGrad","https://github.com/rsokl/MyGrad","rsokl","Python","216","deep-learning","820.45","820.45","0","50","QueryCoverage excluded from Score (recommended).","True","0.2727","0","1","0","0.8","1","0.3333","Lang+Topic+Subdomain","{""Topic"":245.45,""Lexical"":0.0,""Lang"":250.0,""Stars"":0.0,""Recency"":100.0,""Subdomain"":225.0,""Retrieval"":0.0,""PenaltyCrossAnchorFreq"":0.0,""ScoreBase"":820.45,""ScoreFinal"":820.45}","Score>=MinimumScore","topic:autograd language:Python stars:>=50","Drop-in autodiff for NumPy.","16"
"pytorch/pytorch","https://github.com/pytorch/pytorch","nabla-ml/nabla","https://github.com/nabla-ml/nabla","nabla-ml","Python","336","deep-learning","811.76","811.76","0","50","QueryCoverage excluded from Score (recommended).","True","0.2353","0","1","0","1","1","0.3333","Lang+Subdomain+Topic","{""Topic"":211.76,""Lexical"":0.0,""Lang"":250.0,""Stars"":0.0,""Recency"":125.0,""Subdomain"":225.0,""Retrieval"":0.0,""PenaltyCrossAnchorFreq"":0.0,""ScoreBase"":811.76,""ScoreFinal"":811.76}","Score>=MinimumScore","topic:autograd language:Python stars:>=50","Nabla: High-Performance Scientific Computing","17"
"pytorch/pytorch","https://github.com/pytorch/pytorch","triton-inference-server/pytriton","https://github.com/triton-inference-server/pytriton","triton-inference-server","Python","845","deep-learning","800","800","0","50","QueryCoverage excluded from Score (recommended).","True","0.2222","0","1","0","1","1","0.3333","Lang+Subdomain+Topic","{""Topic"":200.0,""Lexical"":0.0,""Lang"":250.0,""Stars"":0.0,""Recency"":125.0,""Subdomain"":225.0,""Retrieval"":0.0,""PenaltyCrossAnchorFreq"":0.0,""ScoreBase"":800.0,""ScoreFinal"":800.0}","Score>=MinimumScore","topic:gpu language:Python stars:>=50","PyTriton is a Flask/FastAPI-like interface that simplifies Triton's deployment in Python environments.","0"
"pytorch/pytorch","https://github.com/pytorch/pytorch","NVIDIA-Merlin/NVTabular","https://github.com/NVIDIA-Merlin/NVTabular","NVIDIA-Merlin","Python","1144","deep-learning","797.98","797.98","0","50","QueryCoverage excluded from Score (recommended).","True","0.2143","0","1","0.0293","1","1","0.3333","Lang+Subdomain+Topic","{""Topic"":192.86,""Lexical"":0.0,""Lang"":250.0,""Stars"":5.12,""Recency"":125.0,""Subdomain"":225.0,""Retrieval"":0.0,""PenaltyCrossAnchorFreq"":0.0,""ScoreBase"":797.98,""ScoreFinal"":797.98}","Score>=MinimumScore","topic:gpu language:Python stars:>=50","NVTabular is a feature engineering and preprocessing library for tabular data designed to quickly and easily manipulate terabyte scale datasets used to train deep learning based recommender systems.","18"
"pytorch/pytorch","https://github.com/pytorch/pytorch","mars-project/mars","https://github.com/mars-project/mars","mars-project","Python","2743","deep-learning","797.7","827.81","30.1","50","QueryCoverage excluded from Score (recommended).","True","0.2105","0","1","0.2191","1","1","0.3333","Lang+Subdomain+Topic","{""Topic"":189.47,""Lexical"":0.0,""Lang"":250.0,""Stars"":38.33,""Recency"":125.0,""Subdomain"":225.0,""Retrieval"":0.0,""PenaltyCrossAnchorFreq"":30.1,""ScoreBase"":827.81,""ScoreFinal"":797.7}","Score>=MinimumScore","tensors language:Python stars:>=50","Mars is a tensor-based unified framework for large-scale data computation which scales numpy, pandas, scikit-learn and Python functions.","19"
"pytorch/pytorch","https://github.com/pytorch/pytorch","tensorly/tensorly","https://github.com/tensorly/tensorly","tensorly","Python","1677","deep-learning","783.28","783.28","0","50","QueryCoverage excluded from Score (recommended).","True","0.1818","0","1","0.1123","1","1","0.3333","Lang+Subdomain+Topic","{""Topic"":163.64,""Lexical"":0.0,""Lang"":250.0,""Stars"":19.64,""Recency"":125.0,""Subdomain"":225.0,""Retrieval"":0.0,""PenaltyCrossAnchorFreq"":0.0,""ScoreBase"":783.28,""ScoreFinal"":783.28}","Score>=MinimumScore","tensors language:Python stars:>=50","TensorLy: Tensor Learning in Python.","20"
"pytorch/pytorch","https://github.com/pytorch/pytorch","CorentinJ/Real-Time-Voice-Cloning","https://github.com/CorentinJ/Real-Time-Voice-Cloning","CorentinJ","Python","59763","deep-learning","782.37","905.41","123.04","100","QueryCoverage excluded from Score (recommended).","True","0.1667","0","1","0.8881","1","1","0.6667","Lang+Subdomain+Stars","{""Topic"":150.0,""Lexical"":0.0,""Lang"":250.0,""Stars"":155.41,""Recency"":125.0,""Subdomain"":225.0,""Retrieval"":0.0,""PenaltyCrossAnchorFreq"":123.04,""ScoreBase"":905.41,""ScoreFinal"":782.37}","Score>=MinimumScore","topic:deep-learning language:Python stars:>=50 | topic:deep-learning stars:>=100","Clone a voice in 5 seconds to generate arbitrary speech in real-time","21"
"pytorch/pytorch","https://github.com/pytorch/pytorch","eduardoleao052/Autograd-from-scratch","https://github.com/eduardoleao052/Autograd-from-scratch","eduardoleao052","Python","127","deep-learning","780","780","0","50","QueryCoverage excluded from Score (recommended).","True","0.2","0","1","0","1","1","0.3333","Lang+Subdomain+Topic","{""Topic"":180.0,""Lexical"":0.0,""Lang"":250.0,""Stars"":0.0,""Recency"":125.0,""Subdomain"":225.0,""Retrieval"":0.0,""PenaltyCrossAnchorFreq"":0.0,""ScoreBase"":780.0,""ScoreFinal"":780.0}","Score>=MinimumScore","topic:autograd language:Python stars:>=50","Documented and Unit Tested educational Deep Learning framework with Autograd from scratch.","22"
"pytorch/pytorch","https://github.com/pytorch/pytorch","explosion/spaCy","https://github.com/explosion/spaCy","explosion","Python","33595","deep-learning","779.43","904.95","125.53","100","QueryCoverage excluded from Score (recommended).","True","0.1905","0","1","0.763","1","1","0.6667","Lang+Subdomain+Topic","{""Topic"":171.43,""Lexical"":0.0,""Lang"":250.0,""Stars"":133.53,""Recency"":125.0,""Subdomain"":225.0,""Retrieval"":0.0,""PenaltyCrossAnchorFreq"":125.53,""ScoreBase"":904.95,""ScoreFinal"":779.43}","Score>=MinimumScore","topic:deep-learning language:Python stars:>=50 | topic:deep-learning stars:>=100","💫 Industrial-strength Natural Language Processing (NLP) in Python","23"
"pytorch/pytorch","https://github.com/pytorch/pytorch","meta-pytorch/torchrec","https://github.com/meta-pytorch/torchrec","meta-pytorch","Python","2549","deep-learning","774.01","774.01","0","50","QueryCoverage excluded from Score (recommended).","True","0.1538","0","1","0.2031","1","1","0.3333","Lang+Subdomain+Topic","{""Topic"":138.46,""Lexical"":0.0,""Lang"":250.0,""Stars"":35.55,""Recency"":125.0,""Subdomain"":225.0,""Retrieval"":0.0,""PenaltyCrossAnchorFreq"":0.0,""ScoreBase"":774.01,""ScoreFinal"":774.01}","Score>=MinimumScore","topic:gpu language:Python stars:>=50","Pytorch domain library for recommendation systems","24"
"pytorch/pytorch","https://github.com/pytorch/pytorch","helmholtz-analytics/heat","https://github.com/helmholtz-analytics/heat","helmholtz-analytics","Python","240","deep-learning","771.43","771.43","0","50","QueryCoverage excluded from Score (recommended).","True","0.1905","0","1","0","1","1","0.3333","Lang+Subdomain+Topic","{""Topic"":171.43,""Lexical"":0.0,""Lang"":250.0,""Stars"":0.0,""Recency"":125.0,""Subdomain"":225.0,""Retrieval"":0.0,""PenaltyCrossAnchorFreq"":0.0,""ScoreBase"":771.43,""ScoreFinal"":771.43}","Score>=MinimumScore","tensors language:Python stars:>=50","Distributed tensors and Machine Learning framework with GPU and MPI acceleration in Python","25"
"pytorch/pytorch","https://github.com/pytorch/pytorch","AkiRusProd/numpy-nn-model","https://github.com/AkiRusProd/numpy-nn-model","AkiRusProd","Python","81","deep-learning","771.43","771.43","0","50","QueryCoverage excluded from Score (recommended).","True","0.1905","0","1","0","1","1","0.3333","Lang+Subdomain+Topic","{""Topic"":171.43,""Lexical"":0.0,""Lang"":250.0,""Stars"":0.0,""Recency"":125.0,""Subdomain"":225.0,""Retrieval"":0.0,""PenaltyCrossAnchorFreq"":0.0,""ScoreBase"":771.43,""ScoreFinal"":771.43}","Score>=MinimumScore","topic:autograd language:Python stars:>=50","Сustom torch style machine learning framework with automatic differentiation implemented on numpy, allows build GANs, VAEs, etc.","26"
"pytorch/pytorch","https://github.com/pytorch/pytorch","deepspeedai/DeepSpeed","https://github.com/deepspeedai/DeepSpeed","deepspeedai","Python","42385","deep-learning","769.31","892.36","123.04","150","QueryCoverage excluded from Score (recommended).","True","0.1667","0","1","0.8135","1","1","1","Lang+Subdomain+Topic","{""Topic"":150.0,""Lexical"":0.0,""Lang"":250.0,""Stars"":142.36,""Recency"":125.0,""Subdomain"":225.0,""Retrieval"":0.0,""PenaltyCrossAnchorFreq"":123.04,""ScoreBase"":892.36,""ScoreFinal"":769.31}","Score>=MinimumScore","topic:deep-learning language:Python stars:>=50 | topic:gpu language:Python stars:>=50 | topic:deep-learning stars:>=100","DeepSpeed is a deep learning optimization library that makes distributed training and inference easy, efficient, and effective.","27"
"pytorch/pytorch","https://github.com/pytorch/pytorch","gradio-app/gradio","https://github.com/gradio-app/gradio","gradio-app","Python","42648","deep-learning","764.29","884.7","120.41","100","QueryCoverage excluded from Score (recommended).","True","0.1579","0","1","0.8148","1","1","0.6667","Lang+Subdomain+Stars","{""Topic"":142.11,""Lexical"":0.0,""Lang"":250.0,""Stars"":142.59,""Recency"":125.0,""Subdomain"":225.0,""Retrieval"":0.0,""PenaltyCrossAnchorFreq"":120.41,""ScoreBase"":884.7,""ScoreFinal"":764.29}","Score>=MinimumScore","topic:deep-learning language:Python stars:>=50 | topic:deep-learning stars:>=100","Build and share delightful machine learning apps, all in Python. 🌟 Star to support our work!","28"
"pytorch/pytorch","https://github.com/pytorch/pytorch","google/tf-quant-finance","https://github.com/google/tf-quant-finance","google","Python","5363","deep-learning","763.81","763.81","0","50","QueryCoverage excluded from Score (recommended).","True","0.1111","0","1","0.3646","1","1","0.3333","Lang+Subdomain+Recency","{""Topic"":100.0,""Lexical"":0.0,""Lang"":250.0,""Stars"":63.81,""Recency"":125.0,""Subdomain"":225.0,""Retrieval"":0.0,""PenaltyCrossAnchorFreq"":0.0,""ScoreBase"":763.81,""ScoreFinal"":763.81}","Score>=MinimumScore","topic:gpu language:Python stars:>=50","High-performance TensorFlow library for quantitative finance.","29"
"pytorch/pytorch","https://github.com/pytorch/pytorch","onnx/onnx","https://github.com/onnx/onnx","onnx","Python","20861","deep-learning","750.81","865.42","114.61","50","QueryCoverage excluded from Score (recommended).","True","0.1667","0","1","0.6595","1","1","0.3333","Lang+Subdomain+Topic","{""Topic"":150.0,""Lexical"":0.0,""Lang"":250.0,""Stars"":115.42,""Recency"":125.0,""Subdomain"":225.0,""Retrieval"":0.0,""PenaltyCrossAnchorFreq"":114.61,""ScoreBase"":865.42,""ScoreFinal"":750.81}","Score>=MinimumScore","topic:deep-learning language:Python stars:>=50","Open standard for machine learning interoperability","30"
"pytorch/pytorch","https://github.com/pytorch/pytorch","eriklindernoren/ML-From-Scratch","https://github.com/eriklindernoren/ML-From-Scratch","eriklindernoren","Python","31513","deep-learning","749.14","869.56","120.41","100","QueryCoverage excluded from Score (recommended).","True","0.1538","0","1","0.7491","1","1","0.6667","Lang+Subdomain+Topic","{""Topic"":138.46,""Lexical"":0.0,""Lang"":250.0,""Stars"":131.09,""Recency"":125.0,""Subdomain"":225.0,""Retrieval"":0.0,""PenaltyCrossAnchorFreq"":120.41,""ScoreBase"":869.56,""ScoreFinal"":749.14}","Score>=MinimumScore","topic:deep-learning language:Python stars:>=50 | topic:deep-learning stars:>=100","Machine Learning From Scratch. Bare bones NumPy implementations of machine learning models and algorithms with a focus on accessibility. Aims to cover everything from linear regression to deep learning.","0"
"pytorch/pytorch","https://github.com/pytorch/pytorch","JaidedAI/EasyOCR","https://github.com/JaidedAI/EasyOCR","JaidedAI","Python","29493","deep-learning","740.53","863.58","123.04","100","QueryCoverage excluded from Score (recommended).","True","0.15","0","1","0.7347","1","1","0.6667","Lang+Subdomain+Topic","{""Topic"":135.0,""Lexical"":0.0,""Lang"":250.0,""Stars"":128.58,""Recency"":125.0,""Subdomain"":225.0,""Retrieval"":0.0,""PenaltyCrossAnchorFreq"":123.04,""ScoreBase"":863.58,""ScoreFinal"":740.53}","Score>=MinimumScore","topic:deep-learning language:Python stars:>=50 | topic:deep-learning stars:>=100","Ready-to-use OCR with 80+ supported languages and all popular writing scripts including Latin, Chinese, Arabic, Devanagari, Cyrillic and etc.","0"
"pytorch/pytorch","https://github.com/pytorch/pytorch","deezer/spleeter","https://github.com/deezer/spleeter","deezer","Python","28218","deep-learning","739.4","839.4","100","50","QueryCoverage excluded from Score (recommended).","True","0.125","0","1","0.7251","1","1","0.3333","Lang+Subdomain+Stars","{""Topic"":112.5,""Lexical"":0.0,""Lang"":250.0,""Stars"":126.9,""Recency"":125.0,""Subdomain"":225.0,""Retrieval"":0.0,""PenaltyCrossAnchorFreq"":100.0,""ScoreBase"":839.4,""ScoreFinal"":739.4}","Score>=MinimumScore","topic:deep-learning language:Python stars:>=50","Deezer source separation library including pretrained models.","0"
"pytorch/pytorch","https://github.com/pytorch/pytorch","ultralytics/ultralytics","https://github.com/ultralytics/ultralytics","ultralytics","Python","57415","deep-learning","738.85","861.89","123.04","100","QueryCoverage excluded from Score (recommended).","True","0.12","0","1","0.8794","1","1","0.6667","Lang+Subdomain+Stars","{""Topic"":108.0,""Lexical"":0.0,""Lang"":250.0,""Stars"":153.89,""Recency"":125.0,""Subdomain"":225.0,""Retrieval"":0.0,""PenaltyCrossAnchorFreq"":123.04,""ScoreBase"":861.89,""ScoreFinal"":738.85}","Score>=MinimumScore","topic:deep-learning language:Python stars:>=50 | topic:deep-learning stars:>=100","Ultralytics YOLO 🚀","0"
"pytorch/pytorch","https://github.com/pytorch/pytorch","pyro-ppl/funsor","https://github.com/pyro-ppl/funsor","pyro-ppl","Python","248","deep-learning","738.46","738.46","0","50","QueryCoverage excluded from Score (recommended).","True","0.1538","0","1","0","1","1","0.3333","Lang+Subdomain+Topic","{""Topic"":138.46,""Lexical"":0.0,""Lang"":250.0,""Stars"":0.0,""Recency"":125.0,""Subdomain"":225.0,""Retrieval"":0.0,""PenaltyCrossAnchorFreq"":0.0,""ScoreBase"":738.46,""ScoreFinal"":738.46}","Score>=MinimumScore","tensors language:Python stars:>=50","Functional tensors for probabilistic programming","0"
"pytorch/pytorch","https://github.com/pytorch/pytorch","serengil/deepface","https://github.com/serengil/deepface","serengil","Python","22806","deep-learning","737.39","841.53","104.14","50","QueryCoverage excluded from Score (recommended).","True","0.1364","0","1","0.6789","1","1","0.3333","Lang+Subdomain+Recency","{""Topic"":122.73,""Lexical"":0.0,""Lang"":250.0,""Stars"":118.81,""Recency"":125.0,""Subdomain"":225.0,""Retrieval"":0.0,""PenaltyCrossAnchorFreq"":104.14,""ScoreBase"":841.53,""ScoreFinal"":737.39}","Score>=MinimumScore","topic:deep-learning language:Python stars:>=50","A Lightweight Face Recognition and Facial Attribute Analysis (Age, Gender, Emotion and Race) Library for Python","0"
"pytorch/pytorch","https://github.com/pytorch/pytorch","microsoft/qlib","https://github.com/microsoft/qlib","microsoft","Python","43317","deep-learning","735.05","860.58","125.53","100","QueryCoverage excluded from Score (recommended).","True","0.1304","0","1","0.8182","1","1","0.6667","Lang+Subdomain+Stars","{""Topic"":117.39,""Lexical"":0.0,""Lang"":250.0,""Stars"":143.18,""Recency"":125.0,""Subdomain"":225.0,""Retrieval"":0.0,""PenaltyCrossAnchorFreq"":125.53,""ScoreBase"":860.58,""ScoreFinal"":735.05}","Score>=MinimumScore","topic:deep-learning language:Python stars:>=50 | topic:deep-learning stars:>=100","Qlib is an AI-oriented Quant investment platform that aims to use AI tech to empower Quant Research, from exploring ideas to implementing productions. Qlib supports diverse ML modeling paradigms, including supervised learning, market dynamics modeling, and RL, and is now equipped with https://github.com/microsoft/RD-Agent to automate R&D process.","0"
"pytorch/pytorch","https://github.com/pytorch/pytorch","wkentaro/labelme","https://github.com/wkentaro/labelme","wkentaro","Python","15891","deep-learning","729.65","825.08","95.42","50","QueryCoverage excluded from Score (recommended).","True","0.1333","0","1","0.6005","1","1","0.3333","Lang+Subdomain+Recency","{""Topic"":120.0,""Lexical"":0.0,""Lang"":250.0,""Stars"":105.08,""Recency"":125.0,""Subdomain"":225.0,""Retrieval"":0.0,""PenaltyCrossAnchorFreq"":95.42,""ScoreBase"":825.08,""ScoreFinal"":729.65}","Score>=MinimumScore","topic:deep-learning language:Python stars:>=50","Image annotation with Python. Supports polygon, rectangle, circle, line, point, and AI-assisted annotation.","0"
"pytorch/pytorch","https://github.com/pytorch/pytorch","ultralytics/yolov5","https://github.com/ultralytics/yolov5","ultralytics","Python","57412","deep-learning","728.21","848.63","120.41","100","QueryCoverage excluded from Score (recommended).","True","0.1053","0","1","0.8794","1","1","0.6667","Lang+Subdomain+Stars","{""Topic"":94.74,""Lexical"":0.0,""Lang"":250.0,""Stars"":153.89,""Recency"":125.0,""Subdomain"":225.0,""Retrieval"":0.0,""PenaltyCrossAnchorFreq"":120.41,""ScoreBase"":848.63,""ScoreFinal"":728.21}","Score>=MinimumScore","topic:deep-learning language:Python stars:>=50 | topic:deep-learning stars:>=100","YOLOv5 🚀 in PyTorch > ONNX > CoreML > TFLite","0"
"pytorch/pytorch","https://github.com/pytorch/pytorch","roboflow/supervision","https://github.com/roboflow/supervision","roboflow","Python","39417","deep-learning","726.57","852.1","125.53","100","QueryCoverage excluded from Score (recommended).","True","0.125","0","1","0.7977","1","1","0.6667","Lang+Subdomain+Stars","{""Topic"":112.5,""Lexical"":0.0,""Lang"":250.0,""Stars"":139.6,""Recency"":125.0,""Subdomain"":225.0,""Retrieval"":0.0,""PenaltyCrossAnchorFreq"":125.53,""ScoreBase"":852.1,""ScoreFinal"":726.57}","Score>=MinimumScore","topic:deep-learning language:Python stars:>=50 | topic:deep-learning stars:>=100","We write your reusable computer vision tools. 💜","0"
"pytorch/pytorch","https://github.com/pytorch/pytorch","microsoft/hummingbird","https://github.com/microsoft/hummingbird","microsoft","Python","3535","deep-learning","722.97","722.97","0","50","QueryCoverage excluded from Score (recommended).","True","0.0833","0","1","0.2741","1","1","0.3333","Lang+Subdomain+Recency","{""Topic"":75.0,""Lexical"":0.0,""Lang"":250.0,""Stars"":47.97,""Recency"":125.0,""Subdomain"":225.0,""Retrieval"":0.0,""PenaltyCrossAnchorFreq"":0.0,""ScoreBase"":722.97,""ScoreFinal"":722.97}","Score>=MinimumScore","tensors language:Python stars:>=50","Hummingbird compiles trained ML models into tensor computation for faster inference.","0"
"pytorch/pytorch","https://github.com/pytorch/pytorch","recommenders-team/recommenders","https://github.com/recommenders-team/recommenders","recommenders-team","Python","21712","deep-learning","722.06","839.67","117.61","50","QueryCoverage excluded from Score (recommended).","True","0.1364","0","1","0.6682","1","1","0.3333","Lang+Subdomain+Recency","{""Topic"":122.73,""Lexical"":0.0,""Lang"":250.0,""Stars"":116.94,""Recency"":125.0,""Subdomain"":225.0,""Retrieval"":0.0,""PenaltyCrossAnchorFreq"":117.61,""ScoreBase"":839.67,""ScoreFinal"":722.06}","Score>=MinimumScore","topic:deep-learning language:Python stars:>=50","Best Practices on Recommendation Systems","0"
"pytorch/pytorch","https://github.com/pytorch/pytorch","deepfakes/faceswap","https://github.com/deepfakes/faceswap","deepfakes","Python","55232","deep-learning","719.37","842.42","123.04","100","QueryCoverage excluded from Score (recommended).","True","0.1","0","1","0.871","1","1","0.6667","Lang+Subdomain+Stars","{""Topic"":90.0,""Lexical"":0.0,""Lang"":250.0,""Stars"":152.42,""Recency"":125.0,""Subdomain"":225.0,""Retrieval"":0.0,""PenaltyCrossAnchorFreq"":123.04,""ScoreBase"":842.42,""ScoreFinal"":719.37}","Score>=MinimumScore","topic:deep-learning language:Python stars:>=50 | topic:deep-learning stars:>=100","Deepfakes Software For All","0"
"pytorch/pytorch","https://github.com/pytorch/pytorch","ROCm/Tensile","https://github.com/ROCm/Tensile","ROCm","Python","259","deep-learning","717.39","717.39","0","50","QueryCoverage excluded from Score (recommended).","True","0.1304","0","1","0","1","1","0.3333","Lang+Subdomain+Recency","{""Topic"":117.39,""Lexical"":0.0,""Lang"":250.0,""Stars"":0.0,""Recency"":125.0,""Subdomain"":225.0,""Retrieval"":0.0,""PenaltyCrossAnchorFreq"":0.0,""ScoreBase"":717.39,""ScoreFinal"":717.39}","Score>=MinimumScore","tensors language:Python stars:>=50","[DEPRECATED] Moved to ROCm/rocm-libraries repo","0"
"pytorch/pytorch","https://github.com/pytorch/pytorch","kaszperro/slick-dnn","https://github.com/kaszperro/slick-dnn","kaszperro","Python","121","deep-learning","713.64","713.64","0","50","QueryCoverage excluded from Score (recommended).","True","0.1818","0","1","0","0.6","1","0.3333","Lang+Subdomain+Topic","{""Topic"":163.64,""Lexical"":0.0,""Lang"":250.0,""Stars"":0.0,""Recency"":75.0,""Subdomain"":225.0,""Retrieval"":0.0,""PenaltyCrossAnchorFreq"":0.0,""ScoreBase"":713.64,""ScoreFinal"":713.64}","Score>=MinimumScore","topic:autograd language:Python stars:>=50","Tiny and elegant deep learning library","0"
"pytorch/pytorch","https://github.com/pytorch/pytorch","NVIDIA/MinkowskiEngine","https://github.com/NVIDIA/MinkowskiEngine","NVIDIA","Python","2927","deep-learning","710.03","710.03","0","50","QueryCoverage excluded from Score (recommended).","True","0.0769","0","1","0.2331","1","1","0.3333","Lang+Subdomain+Recency","{""Topic"":69.23,""Lexical"":0.0,""Lang"":250.0,""Stars"":40.8,""Recency"":125.0,""Subdomain"":225.0,""Retrieval"":0.0,""PenaltyCrossAnchorFreq"":0.0,""ScoreBase"":710.03,""ScoreFinal"":710.03}","Score>=MinimumScore","tensors language:Python stars:>=50","Minkowski Engine is an auto-diff neural network library for high-dimensional sparse tensors","0"
"pytorch/pytorch","https://github.com/pytorch/pytorch","OlafenwaMoses/ImageAI","https://github.com/OlafenwaMoses/ImageAI","OlafenwaMoses","Python","8875","deep-learning","705.14","795.44","90.31","50","QueryCoverage excluded from Score (recommended).","True","0.125","0","1","0.474","1","1","0.3333","Lang+Subdomain+Recency","{""Topic"":112.5,""Lexical"":0.0,""Lang"":250.0,""Stars"":82.94,""Recency"":125.0,""Subdomain"":225.0,""Retrieval"":0.0,""PenaltyCrossAnchorFreq"":90.31,""ScoreBase"":795.44,""ScoreFinal"":705.14}","Score>=MinimumScore","topic:gpu language:Python stars:>=50","A python library built to empower developers to build applications and systems  with self-contained Computer Vision capabilities","0"
"pytorch/pytorch","https://github.com/pytorch/pytorch","nnaisense/evotorch","https://github.com/nnaisense/evotorch","nnaisense","Python","1137","deep-learning","704.89","704.89","0","50","QueryCoverage excluded from Score (recommended).","True","0.1111","0","1","0.0279","1","1","0.3333","Lang+Subdomain+Recency","{""Topic"":100.0,""Lexical"":0.0,""Lang"":250.0,""Stars"":4.89,""Recency"":125.0,""Subdomain"":225.0,""Retrieval"":0.0,""PenaltyCrossAnchorFreq"":0.0,""ScoreBase"":704.89,""ScoreFinal"":704.89}","Score>=MinimumScore","topic:gpu language:Python stars:>=50","Advanced evolutionary computation library built directly on top of PyTorch, created at NNAISENSE.","0"
"pytorch/pytorch","https://github.com/pytorch/pytorch","ofnote/tsalib","https://github.com/ofnote/tsalib","ofnote","Python","268","deep-learning","700","700","0","50","QueryCoverage excluded from Score (recommended).","True","0.1667","0","1","0","0.6","1","0.3333","Lang+Subdomain+Topic","{""Topic"":150.0,""Lexical"":0.0,""Lang"":250.0,""Stars"":0.0,""Recency"":75.0,""Subdomain"":225.0,""Retrieval"":0.0,""PenaltyCrossAnchorFreq"":0.0,""ScoreBase"":700.0,""ScoreFinal"":700.0}","Score>=MinimumScore","tensors language:Python stars:>=50","Tensor Shape Annotation Library (numpy, tensorflow, pytorch, ...)","0"
"pytorch/pytorch","https://github.com/pytorch/pytorch","NVIDIA/TransformerEngine","https://github.com/NVIDIA/TransformerEngine","NVIDIA","Python","3349","llm","697.84","697.84","0","50","QueryCoverage excluded from Score (recommended).","False","0.3077","0","1","0.2624","1","0","0.3333","Topic+Lang+Recency","{""Topic"":276.92,""Lexical"":0.0,""Lang"":250.0,""Stars"":45.92,""Recency"":125.0,""Subdomain"":0.0,""Retrieval"":0.0,""PenaltyCrossAnchorFreq"":0.0,""ScoreBase"":697.84,""ScoreFinal"":697.84}","Score<MinimumScore","topic:gpu language:Python stars:>=50","A library for accelerating Transformer models on NVIDIA GPUs, including using 8-bit and 4-bit floating point (FP8 and FP4) precision on Hopper, Ada and Blackwell GPUs, to provide better performance with lower memory utilization in both training and inference.","0"
"pytorch/pytorch","https://github.com/pytorch/pytorch","pyg-team/pytorch_geometric","https://github.com/pyg-team/pytorch_geometric","pyg-team","Python","23778","deep-learning","695.39","795.39","100","100","QueryCoverage excluded from Score (recommended).","False","0.0833","0","1","0.688","1","1","0.6667","Lang+Subdomain+Recency","{""Topic"":75.0,""Lexical"":0.0,""Lang"":250.0,""Stars"":120.39,""Recency"":125.0,""Subdomain"":225.0,""Retrieval"":0.0,""PenaltyCrossAnchorFreq"":100.0,""ScoreBase"":795.39,""ScoreFinal"":695.39}","Score<MinimumScore","topic:deep-learning language:Python stars:>=50 | p language:Python stars:>=50","Graph Neural Network Library for PyTorch","0"
"pytorch/pytorch","https://github.com/pytorch/pytorch","TingFree/NLPer-Arsenal","https://github.com/TingFree/NLPer-Arsenal","TingFree","Python","2242","deep-learning","694.96","694.96","0","50","QueryCoverage excluded from Score (recommended).","False","0.0714","0","1","0.1753","1","1","0.3333","Lang+Subdomain+Recency","{""Topic"":64.29,""Lexical"":0.0,""Lang"":250.0,""Stars"":30.67,""Recency"":125.0,""Subdomain"":225.0,""Retrieval"":0.0,""PenaltyCrossAnchorFreq"":0.0,""ScoreBase"":694.96,""ScoreFinal"":694.96}","Score<MinimumScore","topic:gpu language:Python stars:>=50","收录NLP竞赛策略实现、各任务baseline、相关竞赛经验贴（当前赛事、往期赛事、训练赛）、NLP会议时间、常用自媒体、GPU推荐等，持续更新中","0"
"pytorch/pytorch","https://github.com/pytorch/pytorch","coqui-ai/TTS","https://github.com/coqui-ai/TTS","coqui-ai","Python","45352","deep-learning","693.88","816.93","123.04","100","QueryCoverage excluded from Score (recommended).","False","0.08","0","1","0.8282","1","1","0.6667","Lang+Subdomain+Stars","{""Topic"":72.0,""Lexical"":0.0,""Lang"":250.0,""Stars"":144.93,""Recency"":125.0,""Subdomain"":225.0,""Retrieval"":0.0,""PenaltyCrossAnchorFreq"":123.04,""ScoreBase"":816.93,""ScoreFinal"":693.88}","Score<MinimumScore","topic:deep-learning language:Python stars:>=50 | topic:deep-learning stars:>=100","🐸💬 - a deep learning toolkit for Text-to-Speech, battle-tested in research and production","0"
"pytorch/pytorch","https://github.com/pytorch/pytorch","tensorflow/tensorflow","https://github.com/tensorflow/tensorflow","tensorflow","C++","195218","deep-learning","691.69","799.6","107.92","50","QueryCoverage excluded from Score (recommended).","False","0.3333","0","0","0.8549","1","1","0.3333","Topic+Subdomain+Stars","{""Topic"":300.0,""Lexical"":0.0,""Lang"":0.0,""Stars"":149.6,""Recency"":125.0,""Subdomain"":225.0,""Retrieval"":0.0,""PenaltyCrossAnchorFreq"":107.92,""ScoreBase"":799.6,""ScoreFinal"":691.69}","Score<MinimumScore","topic:deep-learning stars:>=100","An Open Source Machine Learning Framework for Everyone","0"
"pytorch/pytorch","https://github.com/pytorch/pytorch","Oldpan/Pytorch-Memory-Utils","https://github.com/Oldpan/Pytorch-Memory-Utils","Oldpan","Python","1014","deep-learning","690.54","690.54","0","50","QueryCoverage excluded from Score (recommended).","False","0.1","0","1","0.0031","1","1","0.3333","Lang+Subdomain+Recency","{""Topic"":90.0,""Lexical"":0.0,""Lang"":250.0,""Stars"":0.54,""Recency"":125.0,""Subdomain"":225.0,""Retrieval"":0.0,""PenaltyCrossAnchorFreq"":0.0,""ScoreBase"":690.54,""ScoreFinal"":690.54}","Score<MinimumScore","topic:gpu language:Python stars:>=50","pytorch memory track code","0"
"pytorch/pytorch","https://github.com/pytorch/pytorch","flaport/sax","https://github.com/flaport/sax","flaport","Python","118","deep-learning","685.71","685.71","0","50","QueryCoverage excluded from Score (recommended).","False","0.0952","0","1","0","1","1","0.3333","Lang+Subdomain+Recency","{""Topic"":85.71,""Lexical"":0.0,""Lang"":250.0,""Stars"":0.0,""Recency"":125.0,""Subdomain"":225.0,""Retrieval"":0.0,""PenaltyCrossAnchorFreq"":0.0,""ScoreBase"":685.71,""ScoreFinal"":685.71}","Score<MinimumScore","topic:autograd language:Python stars:>=50","S + Autograd + XLA :: S-parameter based frequency domain circuit simulations and optimizations using JAX.","0"
"pytorch/pytorch","https://github.com/pytorch/pytorch","rusty1s/pytorch_sparse","https://github.com/rusty1s/pytorch_sparse","rusty1s","Python","1098","deep-learning","685.38","685.38","0","50","QueryCoverage excluded from Score (recommended).","False","0.0909","0","1","0.0204","1","1","0.3333","Lang+Subdomain+Recency","{""Topic"":81.82,""Lexical"":0.0,""Lang"":250.0,""Stars"":3.56,""Recency"":125.0,""Subdomain"":225.0,""Retrieval"":0.0,""PenaltyCrossAnchorFreq"":0.0,""ScoreBase"":685.38,""ScoreFinal"":685.38}","Score<MinimumScore","topic:autograd language:Python stars:>=50","PyTorch Extension Library of Optimized Autograd Sparse Matrix Operations","0"
"pytorch/pytorch","https://github.com/pytorch/pytorch","MVIG-SJTU/AlphaPose","https://github.com/MVIG-SJTU/AlphaPose","MVIG-SJTU","Python","8564","deep-learning","684.82","714.92","30.1","50","QueryCoverage excluded from Score (recommended).","False","0.037","0","1","0.4662","1","1","0.3333","Lang+Subdomain+Recency","{""Topic"":33.33,""Lexical"":0.0,""Lang"":250.0,""Stars"":81.59,""Recency"":125.0,""Subdomain"":225.0,""Retrieval"":0.0,""PenaltyCrossAnchorFreq"":30.1,""ScoreBase"":714.92,""ScoreFinal"":684.82}","Score<MinimumScore","topic:gpu language:Python stars:>=50","Real-Time and Accurate Full-Body Multi-Person Pose Estimation&Tracking System","0"
"pytorch/pytorch","https://github.com/pytorch/pytorch","TencentARC/GFPGAN","https://github.com/TencentARC/GFPGAN","TencentARC","Python","37457","deep-learning","684.34","801.95","117.61","100","QueryCoverage excluded from Score (recommended).","False","0.0714","0","1","0.7866","1","1","0.6667","Lang+Subdomain+Stars","{""Topic"":64.29,""Lexical"":0.0,""Lang"":250.0,""Stars"":137.66,""Recency"":125.0,""Subdomain"":225.0,""Retrieval"":0.0,""PenaltyCrossAnchorFreq"":117.61,""ScoreBase"":801.95,""ScoreFinal"":684.34}","Score<MinimumScore","topic:deep-learning language:Python stars:>=50 | topic:deep-learning stars:>=100","GFPGAN aims at developing Practical Algorithms for Real-world Face Restoration.","0"
"pytorch/pytorch","https://github.com/pytorch/pytorch","WZMIAOMIAO/deep-learning-for-image-processing","https://github.com/WZMIAOMIAO/deep-learning-for-image-processing","WZMIAOMIAO","Python","26235","deep-learning","684.28","788.41","104.14","100","QueryCoverage excluded from Score (recommended).","False","0.0714","0","1","0.7093","1","1","0.6667","Lang+Subdomain+Recency","{""Topic"":64.29,""Lexical"":0.0,""Lang"":250.0,""Stars"":124.13,""Recency"":125.0,""Subdomain"":225.0,""Retrieval"":0.0,""PenaltyCrossAnchorFreq"":104.14,""ScoreBase"":788.41,""ScoreFinal"":684.28}","Score<MinimumScore","topic:deep-learning language:Python stars:>=50 | p language:Python stars:>=50","deep learning for image processing including classification and object-detection etc.","0"
"pytorch/pytorch","https://github.com/pytorch/pytorch","babysor/MockingBird","https://github.com/babysor/MockingBird","babysor","Python","36901","deep-learning","683.28","806.32","123.04","100","QueryCoverage excluded from Score (recommended).","False","0.0769","0","1","0.7834","1","1","0.6667","Lang+Subdomain+Stars","{""Topic"":69.23,""Lexical"":0.0,""Lang"":250.0,""Stars"":137.09,""Recency"":125.0,""Subdomain"":225.0,""Retrieval"":0.0,""PenaltyCrossAnchorFreq"":123.04,""ScoreBase"":806.32,""ScoreFinal"":683.28}","Score<MinimumScore","topic:deep-learning language:Python stars:>=50 | topic:deep-learning stars:>=100","🚀Clone a voice in 5 seconds to generate arbitrary speech in real-time","0"
"pytorch/pytorch","https://github.com/pytorch/pytorch","google/magika","https://github.com/google/magika","google","Python","17033","deep-learning","681.69","772","90.31","50","QueryCoverage excluded from Score (recommended).","False","0.0714","0","1","0.6155","1","1","0.3333","Lang+Subdomain+Recency","{""Topic"":64.29,""Lexical"":0.0,""Lang"":250.0,""Stars"":107.72,""Recency"":125.0,""Subdomain"":225.0,""Retrieval"":0.0,""PenaltyCrossAnchorFreq"":90.31,""ScoreBase"":772.0,""ScoreFinal"":681.69}","Score<MinimumScore","topic:deep-learning language:Python stars:>=50","Fast and accurate AI powered file content types detection ","0"
"pytorch/pytorch","https://github.com/pytorch/pytorch","RightNow-AI/autokernel","https://github.com/RightNow-AI/autokernel","RightNow-AI","Python","1372","deep-learning","681.25","681.25","0","50","QueryCoverage excluded from Score (recommended).","False","0.0769","0","1","0.0687","1","1","0.3333","Lang+Subdomain+Recency","{""Topic"":69.23,""Lexical"":0.0,""Lang"":250.0,""Stars"":12.02,""Recency"":125.0,""Subdomain"":225.0,""Retrieval"":0.0,""PenaltyCrossAnchorFreq"":0.0,""ScoreBase"":681.25,""ScoreFinal"":681.25}","Score<MinimumScore","topic:gpu language:Python stars:>=50","Autoresearch for GPU kernels. Give it any PyTorch model, go to sleep, wake up to optimized Triton kernels.","0"
"pytorch/pytorch","https://github.com/pytorch/pytorch","xwying/torchshow","https://github.com/xwying/torchshow","xwying","Python","710","deep-learning","675","675","0","50","QueryCoverage excluded from Score (recommended).","False","0.0833","0","1","0","1","1","0.3333","Lang+Subdomain+Recency","{""Topic"":75.0,""Lexical"":0.0,""Lang"":250.0,""Stars"":0.0,""Recency"":125.0,""Subdomain"":225.0,""Retrieval"":0.0,""PenaltyCrossAnchorFreq"":0.0,""ScoreBase"":675.0,""ScoreFinal"":675.0}","Score<MinimumScore","tensors language:Python stars:>=50","Visualize PyTorch tensors with a single line of code.","0"
"pytorch/pytorch","https://github.com/pytorch/pytorch","airlab-unibas/airlab","https://github.com/airlab-unibas/airlab","airlab-unibas","Python","430","deep-learning","675","675","0","50","QueryCoverage excluded from Score (recommended).","False","0.0833","0","1","0","1","1","0.3333","Lang+Subdomain+Recency","{""Topic"":75.0,""Lexical"":0.0,""Lang"":250.0,""Stars"":0.0,""Recency"":125.0,""Subdomain"":225.0,""Retrieval"":0.0,""PenaltyCrossAnchorFreq"":0.0,""ScoreBase"":675.0,""ScoreFinal"":675.0}","Score<MinimumScore","topic:autograd language:Python stars:>=50","Image registration laboratory for 2D and 3D image data","0"
"pytorch/pytorch","https://github.com/pytorch/pytorch","AUTOMATIC1111/stable-diffusion-webui","https://github.com/AUTOMATIC1111/stable-diffusion-webui","AUTOMATIC1111","Python","163202","deep-learning","672.5","795.54","123.04","100","QueryCoverage excluded from Score (recommended).","False","0.0435","0","1","0.8938","1","1","0.6667","Lang+Subdomain+Stars","{""Topic"":39.13,""Lexical"":0.0,""Lang"":250.0,""Stars"":156.41,""Recency"":125.0,""Subdomain"":225.0,""Retrieval"":0.0,""PenaltyCrossAnchorFreq"":123.04,""ScoreBase"":795.54,""ScoreFinal"":672.5}","Score<MinimumScore","topic:deep-learning language:Python stars:>=50 | topic:deep-learning stars:>=100","Stable Diffusion web UI","0"
"pytorch/pytorch","https://github.com/pytorch/pytorch","tencent-quantum-lab/tensorcircuit","https://github.com/tencent-quantum-lab/tensorcircuit","tencent-quantum-lab","Python","351","deep-learning","669.23","669.23","0","50","QueryCoverage excluded from Score (recommended).","False","0.0769","0","1","0","1","1","0.3333","Lang+Subdomain+Recency","{""Topic"":69.23,""Lexical"":0.0,""Lang"":250.0,""Stars"":0.0,""Recency"":125.0,""Subdomain"":225.0,""Retrieval"":0.0,""PenaltyCrossAnchorFreq"":0.0,""ScoreBase"":669.23,""ScoreFinal"":669.23}","Score<MinimumScore","tensors language:Python stars:>=50","Tensor network based quantum software framework for the NISQ era","0"
"pytorch/pytorch","https://github.com/pytorch/pytorch","junyanz/pytorch-CycleGAN-and-pix2pix","https://github.com/junyanz/pytorch-CycleGAN-and-pix2pix","junyanz","Python","25133","deep-learning","668.36","772.5","104.14","100","QueryCoverage excluded from Score (recommended).","False","0.0556","0","1","0.7","1","1","0.6667","Lang+Subdomain+Recency","{""Topic"":50.0,""Lexical"":0.0,""Lang"":250.0,""Stars"":122.5,""Recency"":125.0,""Subdomain"":225.0,""Retrieval"":0.0,""PenaltyCrossAnchorFreq"":104.14,""ScoreBase"":772.5,""ScoreFinal"":668.36}","Score<MinimumScore","topic:deep-learning language:Python stars:>=50 | p language:Python stars:>=50","Image-to-Image Translation in PyTorch","0"
"pytorch/pytorch","https://github.com/pytorch/pytorch","hpcaitech/ColossalAI","https://github.com/hpcaitech/ColossalAI","hpcaitech","Python","41391","deep-learning","665.78","788.82","123.04","100","QueryCoverage excluded from Score (recommended).","False","0.0526","0","1","0.8083","1","1","0.6667","Lang+Subdomain+Stars","{""Topic"":47.37,""Lexical"":0.0,""Lang"":250.0,""Stars"":141.46,""Recency"":125.0,""Subdomain"":225.0,""Retrieval"":0.0,""PenaltyCrossAnchorFreq"":123.04,""ScoreBase"":788.82,""ScoreFinal"":665.78}","Score<MinimumScore","topic:deep-learning language:Python stars:>=50 | topic:deep-learning stars:>=100","Making large AI models cheaper, faster and more accessible","0"
"pytorch/pytorch","https://github.com/pytorch/pytorch","huggingface/diffusers","https://github.com/huggingface/diffusers","huggingface","Python","33681","deep-learning","659.92","774.53","114.61","100","QueryCoverage excluded from Score (recommended).","False","0.0455","0","1","0.7636","1","1","0.6667","Lang+Subdomain+Stars","{""Topic"":40.91,""Lexical"":0.0,""Lang"":250.0,""Stars"":133.62,""Recency"":125.0,""Subdomain"":225.0,""Retrieval"":0.0,""PenaltyCrossAnchorFreq"":114.61,""ScoreBase"":774.53,""ScoreFinal"":659.92}","Score<MinimumScore","topic:deep-learning language:Python stars:>=50 | topic:deep-learning stars:>=100","🤗 Diffusers: State-of-the-art diffusion models for image, video, and audio generation in PyTorch.","0"
"pytorch/pytorch","https://github.com/pytorch/pytorch","cupy/cupy","https://github.com/cupy/cupy","cupy","Python","10954","","629.58","629.58","0","50","QueryCoverage excluded from Score (recommended).","False","0.1818","0","1","0.5197","1","0","0.3333","Lang+Topic+Recency","{""Topic"":163.64,""Lexical"":0.0,""Lang"":250.0,""Stars"":90.94,""Recency"":125.0,""Subdomain"":0.0,""Retrieval"":0.0,""PenaltyCrossAnchorFreq"":0.0,""ScoreBase"":629.58,""ScoreFinal"":629.58}","Score<MinimumScore","topic:gpu language:Python stars:>=50","NumPy & SciPy for GPU","0"
"pytorch/pytorch","https://github.com/pytorch/pytorch","jacobgil/pytorch-tensor-decompositions","https://github.com/jacobgil/pytorch-tensor-decompositions","jacobgil","Python","288","deep-learning","615","615","0","50","QueryCoverage excluded from Score (recommended).","False","0.1","0","1","0","0.4","1","0.3333","Lang+Subdomain+Topic","{""Topic"":90.0,""Lexical"":0.0,""Lang"":250.0,""Stars"":0.0,""Recency"":50.0,""Subdomain"":225.0,""Retrieval"":0.0,""PenaltyCrossAnchorFreq"":0.0,""ScoreBase"":615.0,""ScoreFinal"":615.0}","Score<MinimumScore","tensors language:Python stars:>=50","PyTorch implementation of [1412.6553] and [1511.06530] tensor decomposition methods for convolutional layers. ","0"
"pytorch/pytorch","https://github.com/pytorch/pytorch","patrick-kidger/torchtyping","https://github.com/patrick-kidger/torchtyping","patrick-kidger","Python","1480","deep-learning","614.9","614.9","0","50","QueryCoverage excluded from Score (recommended).","False","0","0","1","0.0851","1","1","0.3333","Lang+Subdomain+Recency","{""Topic"":0.0,""Lexical"":0.0,""Lang"":250.0,""Stars"":14.9,""Recency"":125.0,""Subdomain"":225.0,""Retrieval"":0.0,""PenaltyCrossAnchorFreq"":0.0,""ScoreBase"":614.9,""ScoreFinal"":614.9}","Score<MinimumScore","tensors language:Python stars:>=50","Type annotations and dynamic checking for a tensor's shape, dtype, names, etc.","0"
"pytorch/pytorch","https://github.com/pytorch/pytorch","google/python-fire","https://github.com/google/python-fire","google","Python","28193","","601.86","601.86","0","50","QueryCoverage excluded from Score (recommended).","False","0.1111","0","1","0.7249","1","0","0.3333","Lang+Stars+Recency","{""Topic"":100.0,""Lexical"":0.0,""Lang"":250.0,""Stars"":126.86,""Recency"":125.0,""Subdomain"":0.0,""Retrieval"":0.0,""PenaltyCrossAnchorFreq"":0.0,""ScoreBase"":601.86,""ScoreFinal"":601.86}","Score<MinimumScore","p language:Python stars:>=50","Python Fire is a library for automatically generating command line interfaces (CLIs) from absolutely any Python object.","0"
"pytorch/pytorch","https://github.com/pytorch/pytorch","openai/CLIP","https://github.com/openai/CLIP","openai","Jupyter Notebook","33543","deep-learning","600.55","708.47","107.92","50","QueryCoverage excluded from Score (recommended).","False","0.25","0","0","0.7627","1","1","0.3333","Topic+Subdomain+Stars","{""Topic"":225.0,""Lexical"":0.0,""Lang"":0.0,""Stars"":133.47,""Recency"":125.0,""Subdomain"":225.0,""Retrieval"":0.0,""PenaltyCrossAnchorFreq"":107.92,""ScoreBase"":708.47,""ScoreFinal"":600.55}","Score<MinimumScore","topic:deep-learning stars:>=100","CLIP (Contrastive Language-Image Pretraining),  Predict the most relevant text snippet given an image","0"
"pytorch/pytorch","https://github.com/pytorch/pytorch","johnmarktaylor91/torchlens","https://github.com/johnmarktaylor91/torchlens","johnmarktaylor91","Python","642","deep-learning","600","600","0","50","QueryCoverage excluded from Score (recommended).","False","0","0","1","0","1","1","0.3333","Lang+Subdomain+Recency","{""Topic"":0.0,""Lexical"":0.0,""Lang"":250.0,""Stars"":0.0,""Recency"":125.0,""Subdomain"":225.0,""Retrieval"":0.0,""PenaltyCrossAnchorFreq"":0.0,""ScoreBase"":600.0,""ScoreFinal"":600.0}","Score<MinimumScore","tensors language:Python stars:>=50","Package for extracting and mapping the results of every single tensor operation in a PyTorch model in one line of code. ","0"
"pytorch/pytorch","https://github.com/pytorch/pytorch","assafshocher/ResizeRight","https://github.com/assafshocher/ResizeRight","assafshocher","Python","565","deep-learning","600","600","0","50","QueryCoverage excluded from Score (recommended).","False","0","0","1","0","1","1","0.3333","Lang+Subdomain+Recency","{""Topic"":0.0,""Lexical"":0.0,""Lang"":250.0,""Stars"":0.0,""Recency"":125.0,""Subdomain"":225.0,""Retrieval"":0.0,""PenaltyCrossAnchorFreq"":0.0,""ScoreBase"":600.0,""ScoreFinal"":600.0}","Score<MinimumScore","tensors language:Python stars:>=50","The correct way to resize images or tensors. For Numpy or Pytorch (differentiable).","0"
"pytorch/pytorch","https://github.com/pytorch/pytorch","NVIDIA/cuEquivariance","https://github.com/NVIDIA/cuEquivariance","NVIDIA","Python","398","deep-learning","600","600","0","50","QueryCoverage excluded from Score (recommended).","False","0","0","1","0","1","1","0.3333","Lang+Subdomain+Recency","{""Topic"":0.0,""Lexical"":0.0,""Lang"":250.0,""Stars"":0.0,""Recency"":125.0,""Subdomain"":225.0,""Retrieval"":0.0,""PenaltyCrossAnchorFreq"":0.0,""ScoreBase"":600.0,""ScoreFinal"":600.0}","Score<MinimumScore","tensors language:Python stars:>=50","cuEquivariance is a math library that is a collective of low-level primitives and tensor ops to accelerate widely-used models, like DiffDock, MACE, Allegro and NEQUIP, based on equivariant neural networks. Also includes kernels for accelerated structure prediction.","0"
"pytorch/pytorch","https://github.com/pytorch/pytorch","buriburisuri/sugartensor","https://github.com/buriburisuri/sugartensor","buriburisuri","Python","370","deep-learning","600","600","0","50","QueryCoverage excluded from Score (recommended).","False","0","0","1","0","1","1","0.3333","Lang+Subdomain+Recency","{""Topic"":0.0,""Lexical"":0.0,""Lang"":250.0,""Stars"":0.0,""Recency"":125.0,""Subdomain"":225.0,""Retrieval"":0.0,""PenaltyCrossAnchorFreq"":0.0,""ScoreBase"":600.0,""ScoreFinal"":600.0}","Score<MinimumScore","tensors language:Python stars:>=50","A slim tensorflow wrapper that provides syntactic sugar for tensor variables. This library will be helpful for practical deep learning researchers not beginners.","0"
"pytorch/pytorch","https://github.com/pytorch/pytorch","fzyzcjy/torch_memory_saver","https://github.com/fzyzcjy/torch_memory_saver","fzyzcjy","Python","245","deep-learning","600","600","0","50","QueryCoverage excluded from Score (recommended).","False","0","0","1","0","1","1","0.3333","Lang+Subdomain+Recency","{""Topic"":0.0,""Lexical"":0.0,""Lang"":250.0,""Stars"":0.0,""Recency"":125.0,""Subdomain"":225.0,""Retrieval"":0.0,""PenaltyCrossAnchorFreq"":0.0,""ScoreBase"":600.0,""ScoreFinal"":600.0}","Score<MinimumScore","tensors language:Python stars:>=50","Allow torch tensor memory to be released and resumed later ","0"
"pytorch/pytorch","https://github.com/pytorch/pytorch","walter201230/Python","https://github.com/walter201230/Python","walter201230","Python","26073","","598.89","598.89","0","50","QueryCoverage excluded from Score (recommended).","False","0.1111","0","1","0.708","1","0","0.3333","Lang+Recency+Stars","{""Topic"":100.0,""Lexical"":0.0,""Lang"":250.0,""Stars"":123.89,""Recency"":125.0,""Subdomain"":0.0,""Retrieval"":0.0,""PenaltyCrossAnchorFreq"":0.0,""ScoreBase"":598.89,""ScoreFinal"":598.89}","Score<MinimumScore","p language:Python stars:>=50","小白 python 教程","0"
"pytorch/pytorch","https://github.com/pytorch/pytorch","python-poetry/poetry","https://github.com/python-poetry/poetry","python-poetry","Python","34281","","584.29","584.29","0","50","QueryCoverage excluded from Score (recommended).","False","0.0833","0","1","0.7674","1","0","0.3333","Lang+Stars+Recency","{""Topic"":75.0,""Lexical"":0.0,""Lang"":250.0,""Stars"":134.29,""Recency"":125.0,""Subdomain"":0.0,""Retrieval"":0.0,""PenaltyCrossAnchorFreq"":0.0,""ScoreBase"":584.29,""ScoreFinal"":584.29}","Score<MinimumScore","p language:Python stars:>=50","Python packaging and dependency management made easy","0"
"pytorch/pytorch","https://github.com/pytorch/pytorch","wookayin/gpustat","https://github.com/wookayin/gpustat","wookayin","Python","4363","","580.97","580.97","0","50","QueryCoverage excluded from Score (recommended).","False","0.1667","0","1","0.3198","1","0","0.3333","Lang+Topic+Recency","{""Topic"":150.0,""Lexical"":0.0,""Lang"":250.0,""Stars"":55.97,""Recency"":125.0,""Subdomain"":0.0,""Retrieval"":0.0,""PenaltyCrossAnchorFreq"":0.0,""ScoreBase"":580.97,""ScoreFinal"":580.97}","Score<MinimumScore","topic:gpu language:Python stars:>=50","📊 A simple command-line utility for querying and monitoring GPU status","0"
"pytorch/pytorch","https://github.com/pytorch/pytorch","BVLC/caffe","https://github.com/BVLC/caffe","BVLC","C++","34599","deep-learning","576.73","684.64","107.92","50","QueryCoverage excluded from Score (recommended).","False","0.2222","0","0","0.7694","1","1","0.3333","Subdomain+Topic+Stars","{""Topic"":200.0,""Lexical"":0.0,""Lang"":0.0,""Stars"":134.64,""Recency"":125.0,""Subdomain"":225.0,""Retrieval"":0.0,""PenaltyCrossAnchorFreq"":107.92,""ScoreBase"":684.64,""ScoreFinal"":576.73}","Score<MinimumScore","topic:deep-learning stars:>=100","Caffe: a fast open framework for deep learning.","0"
"pytorch/pytorch","https://github.com/pytorch/pytorch","rballester/tntorch","https://github.com/rballester/tntorch","rballester","Python","308","deep-learning","575","575","0","50","QueryCoverage excluded from Score (recommended).","False","0","0","1","0","0.8","1","0.3333","Lang+Subdomain+Recency","{""Topic"":0.0,""Lexical"":0.0,""Lang"":250.0,""Stars"":0.0,""Recency"":100.0,""Subdomain"":225.0,""Retrieval"":0.0,""PenaltyCrossAnchorFreq"":0.0,""ScoreBase"":575.0,""ScoreFinal"":575.0}","Score<MinimumScore","tensors language:Python stars:>=50","Tensor Network Learning with PyTorch","0"
"pytorch/pytorch","https://github.com/pytorch/pytorch","kaiyuyue/torchshard","https://github.com/kaiyuyue/torchshard","kaiyuyue","Python","300","deep-learning","575","575","0","50","QueryCoverage excluded from Score (recommended).","False","0","0","1","0","0.8","1","0.3333","Lang+Subdomain+Recency","{""Topic"":0.0,""Lexical"":0.0,""Lang"":250.0,""Stars"":0.0,""Recency"":100.0,""Subdomain"":225.0,""Retrieval"":0.0,""PenaltyCrossAnchorFreq"":0.0,""ScoreBase"":575.0,""ScoreFinal"":575.0}","Score<MinimumScore","tensors language:Python stars:>=50","Slicing a PyTorch Tensor Into Parallel Shards","0"
"pytorch/pytorch","https://github.com/pytorch/pytorch","GlassyWing/text-detection-ocr","https://github.com/GlassyWing/text-detection-ocr","GlassyWing","Python","288","deep-learning","575","575","0","50","QueryCoverage excluded from Score (recommended).","False","0","0","1","0","0.8","1","0.3333","Lang+Subdomain+Recency","{""Topic"":0.0,""Lexical"":0.0,""Lang"":250.0,""Stars"":0.0,""Recency"":100.0,""Subdomain"":225.0,""Retrieval"":0.0,""PenaltyCrossAnchorFreq"":0.0,""ScoreBase"":575.0,""ScoreFinal"":575.0}","Score<MinimumScore","tensors language:Python stars:>=50","Chinese text detection and recognition based on CTPN + DENSENET using Keras and Tensor Flow，使用keras和tensorflow基于CTPN+Densenet实现的中文文本检测和识别","0"
"pytorch/pytorch","https://github.com/pytorch/pytorch","pypa/pipenv","https://github.com/pypa/pipenv","pypa","Python","25076","","572.41","572.41","0","50","QueryCoverage excluded from Score (recommended).","False","0.0833","0","1","0.6995","1","0","0.3333","Lang+Recency+Stars","{""Topic"":75.0,""Lexical"":0.0,""Lang"":250.0,""Stars"":122.41,""Recency"":125.0,""Subdomain"":0.0,""Retrieval"":0.0,""PenaltyCrossAnchorFreq"":0.0,""ScoreBase"":572.41,""ScoreFinal"":572.41}","Score<MinimumScore","p language:Python stars:>=50"," Python Development Workflow for Humans.","0"
"pytorch/pytorch","https://github.com/pytorch/pytorch","pathwaycom/pathway","https://github.com/pathwaycom/pathway","pathwaycom","Python","63248","llm","570.07","570.07","0","50","QueryCoverage excluded from Score (recommended).","False","0.0417","0","1","0.9004","1","0","0.3333","Lang+Stars+Recency","{""Topic"":37.5,""Lexical"":0.0,""Lang"":250.0,""Stars"":157.57,""Recency"":125.0,""Subdomain"":0.0,""Retrieval"":0.0,""PenaltyCrossAnchorFreq"":0.0,""ScoreBase"":570.07,""ScoreFinal"":570.07}","Score<MinimumScore","p language:Python stars:>=50","Python ETL framework for stream processing, real-time analytics, LLM pipelines, and RAG.","0"
"pytorch/pytorch","https://github.com/pytorch/pytorch","FujiwaraChoki/MoneyPrinterV2","https://github.com/FujiwaraChoki/MoneyPrinterV2","FujiwaraChoki","Python","30522","","564.88","564.88","0","50","QueryCoverage excluded from Score (recommended).","False","0.0667","0","1","0.7422","1","0","0.3333","Lang+Stars+Recency","{""Topic"":60.0,""Lexical"":0.0,""Lang"":250.0,""Stars"":129.88,""Recency"":125.0,""Subdomain"":0.0,""Retrieval"":0.0,""PenaltyCrossAnchorFreq"":0.0,""ScoreBase"":564.88,""ScoreFinal"":564.88}","Score<MinimumScore","p language:Python stars:>=50","Automate the process of making money online.","0"
"pytorch/pytorch","https://github.com/pytorch/pytorch","plasma-umass/scalene","https://github.com/plasma-umass/scalene","plasma-umass","Python","13422","data-science","563.66","563.66","0","50","QueryCoverage excluded from Score (recommended).","False","0.1","0","1","0.5638","1","0","0.3333","Lang+Recency+Stars","{""Topic"":90.0,""Lexical"":0.0,""Lang"":250.0,""Stars"":98.66,""Recency"":125.0,""Subdomain"":0.0,""Retrieval"":0.0,""PenaltyCrossAnchorFreq"":0.0,""ScoreBase"":563.66,""ScoreFinal"":563.66}","Score<MinimumScore","topic:gpu language:Python stars:>=50","Scalene: a high-performance, high-precision CPU, GPU, and memory profiler for Python with AI-powered optimization proposals","0"
"pytorch/pytorch","https://github.com/pytorch/pytorch","TheAlgorithms/Python","https://github.com/TheAlgorithms/Python","TheAlgorithms","Python","221284","","562.7","562.7","0","50","QueryCoverage excluded from Score (recommended).","False","0.0476","0","1","0.8277","1","0","0.3333","Lang+Stars+Recency","{""Topic"":42.86,""Lexical"":0.0,""Lang"":250.0,""Stars"":144.84,""Recency"":125.0,""Subdomain"":0.0,""Retrieval"":0.0,""PenaltyCrossAnchorFreq"":0.0,""ScoreBase"":562.7,""ScoreFinal"":562.7}","Score<MinimumScore","p language:Python stars:>=50","All Algorithms implemented in Python","0"
"pytorch/pytorch","https://github.com/pytorch/pytorch","faif/python-patterns","https://github.com/faif/python-patterns","faif","Python","42751","","559.97","607.68","47.71","50","QueryCoverage excluded from Score (recommended).","False","0.1","0","1","0.8153","1","0","0.3333","Lang+Stars+Recency","{""Topic"":90.0,""Lexical"":0.0,""Lang"":250.0,""Stars"":142.68,""Recency"":125.0,""Subdomain"":0.0,""Retrieval"":0.0,""PenaltyCrossAnchorFreq"":47.71,""ScoreBase"":607.68,""ScoreFinal"":559.97}","Score<MinimumScore","p language:Python stars:>=50","A collection of design patterns/idioms in Python","0"
"pytorch/pytorch","https://github.com/pytorch/pytorch","openai/openai-python","https://github.com/openai/openai-python","openai","Python","30809","","557.52","605.24","47.71","50","QueryCoverage excluded from Score (recommended).","False","0.1111","0","1","0.7442","1","0","0.3333","Lang+Stars+Recency","{""Topic"":100.0,""Lexical"":0.0,""Lang"":250.0,""Stars"":130.24,""Recency"":125.0,""Subdomain"":0.0,""Retrieval"":0.0,""PenaltyCrossAnchorFreq"":47.71,""ScoreBase"":605.24,""ScoreFinal"":557.52}","Score<MinimumScore","p language:Python stars:>=50","The official Python library for the OpenAI API","0"
"pytorch/pytorch","https://github.com/pytorch/pytorch","NVIDIA/warp","https://github.com/NVIDIA/warp","NVIDIA","Python","6678","","555.5","585.6","30.1","50","QueryCoverage excluded from Score (recommended).","False","0.1538","0","1","0.4122","1","0","0.3333","Lang+Topic+Recency","{""Topic"":138.46,""Lexical"":0.0,""Lang"":250.0,""Stars"":72.14,""Recency"":125.0,""Subdomain"":0.0,""Retrieval"":0.0,""PenaltyCrossAnchorFreq"":30.1,""ScoreBase"":585.6,""ScoreFinal"":555.5}","Score<MinimumScore","topic:gpu language:Python stars:>=50","A Python framework for GPU-accelerated simulation, robotics, and machine learning.","0"
"pytorch/pytorch","https://github.com/pytorch/pytorch","lutzroeder/netron","https://github.com/lutzroeder/netron","lutzroeder","JavaScript","32930","deep-learning","554.85","662.77","107.92","50","QueryCoverage excluded from Score (recommended).","False","0.2","0","0","0.7587","1","1","0.3333","Subdomain+Topic+Stars","{""Topic"":180.0,""Lexical"":0.0,""Lang"":0.0,""Stars"":132.77,""Recency"":125.0,""Subdomain"":225.0,""Retrieval"":0.0,""PenaltyCrossAnchorFreq"":107.92,""ScoreBase"":662.77,""ScoreFinal"":554.85}","Score<MinimumScore","topic:deep-learning stars:>=100","Visualizer for neural network, deep learning and machine learning models","0"
"pytorch/pytorch","https://github.com/pytorch/pytorch","pydantic/pydantic","https://github.com/pydantic/pydantic","pydantic","Python","27825","","551.37","551.37","0","50","QueryCoverage excluded from Score (recommended).","False","0.0556","0","1","0.7221","1","0","0.3333","Lang+Stars+Recency","{""Topic"":50.0,""Lexical"":0.0,""Lang"":250.0,""Stars"":126.37,""Recency"":125.0,""Subdomain"":0.0,""Retrieval"":0.0,""PenaltyCrossAnchorFreq"":0.0,""ScoreBase"":551.37,""ScoreFinal"":551.37}","Score<MinimumScore","p language:Python stars:>=50","Data validation using Python type hints","0"
"pytorch/pytorch","https://github.com/pytorch/pytorch","python-telegram-bot/python-telegram-bot","https://github.com/python-telegram-bot/python-telegram-bot","python-telegram-bot","Python","29153","llm","548.03","578.14","30.1","50","QueryCoverage excluded from Score (recommended).","False","0.0833","0","1","0.7322","1","0","0.3333","Lang+Stars+Recency","{""Topic"":75.0,""Lexical"":0.0,""Lang"":250.0,""Stars"":128.14,""Recency"":125.0,""Subdomain"":0.0,""Retrieval"":0.0,""PenaltyCrossAnchorFreq"":30.1,""ScoreBase"":578.14,""ScoreFinal"":548.03}","Score<MinimumScore","p language:Python stars:>=50","We have made you a wrapper you can't refuse","0"
"pytorch/pytorch","https://github.com/pytorch/pytorch","skypilot-org/skypilot","https://github.com/skypilot-org/skypilot","skypilot-org","Python","10008","llm","544.91","575.01","30.1","50","QueryCoverage excluded from Score (recommended).","False","0.125","0","1","0.5001","1","0","0.3333","Lang+Recency+Topic","{""Topic"":112.5,""Lexical"":0.0,""Lang"":250.0,""Stars"":87.51,""Recency"":125.0,""Subdomain"":0.0,""Retrieval"":0.0,""PenaltyCrossAnchorFreq"":30.1,""ScoreBase"":575.01,""ScoreFinal"":544.91}","Score<MinimumScore","topic:gpu language:Python stars:>=50","Run, manage, and scale AI workloads on any AI infrastructure. Use one system to access & manage all AI compute (Kubernetes, Slurm, 20+ clouds, on-prem).","0"
"pytorch/pytorch","https://github.com/pytorch/pytorch","NVIDIA/cutile-python","https://github.com/NVIDIA/cutile-python","NVIDIA","Python","2051","","540.75","540.75","0","50","QueryCoverage excluded from Score (recommended).","False","0.1538","0","1","0.1559","1","0","0.3333","Lang+Topic+Recency","{""Topic"":138.46,""Lexical"":0.0,""Lang"":250.0,""Stars"":27.29,""Recency"":125.0,""Subdomain"":0.0,""Retrieval"":0.0,""PenaltyCrossAnchorFreq"":0.0,""ScoreBase"":540.75,""ScoreFinal"":540.75}","Score<MinimumScore","topic:gpu language:Python stars:>=50","cuTile is a programming model for writing parallel kernels for NVIDIA GPUs","0"
"pytorch/pytorch","https://github.com/pytorch/pytorch","mosecorg/mosec","https://github.com/mosecorg/mosec","mosecorg","Python","900","llm","538.64","538.64","0","50","QueryCoverage excluded from Score (recommended).","False","0.1818","0","1","0","1","0","0.3333","Lang+Topic+Recency","{""Topic"":163.64,""Lexical"":0.0,""Lang"":250.0,""Stars"":0.0,""Recency"":125.0,""Subdomain"":0.0,""Retrieval"":0.0,""PenaltyCrossAnchorFreq"":0.0,""ScoreBase"":538.64,""ScoreFinal"":538.64}","Score<MinimumScore","topic:gpu language:Python stars:>=50","A high-performance ML model serving framework, offers dynamic batching and CPU/GPU pipelines to fully exploit your compute machine","0"
"pytorch/pytorch","https://github.com/pytorch/pytorch","ocrmypdf/OCRmyPDF","https://github.com/ocrmypdf/OCRmyPDF","ocrmypdf","Python","33673","computer-vision","535.9","583.61","47.71","50","QueryCoverage excluded from Score (recommended).","False","0.0833","0","1","0.7635","1","0","0.3333","Lang+Stars+Recency","{""Topic"":75.0,""Lexical"":0.0,""Lang"":250.0,""Stars"":133.61,""Recency"":125.0,""Subdomain"":0.0,""Retrieval"":0.0,""PenaltyCrossAnchorFreq"":47.71,""ScoreBase"":583.61,""ScoreFinal"":535.9}","Score<MinimumScore","p language:Python stars:>=50","OCRmyPDF adds an OCR text layer to scanned PDF files, allowing them to be searched","0"
"pytorch/pytorch","https://github.com/pytorch/pytorch","Xiangyue-Zhang/auto-deep-researcher-24x7","https://github.com/Xiangyue-Zhang/auto-deep-researcher-24x7","Xiangyue-Zhang","Python","913","llm","533.82","533.82","0","50","QueryCoverage excluded from Score (recommended).","False","0.1765","0","1","0","1","0","0.3333","Lang+Topic+Recency","{""Topic"":158.82,""Lexical"":0.0,""Lang"":250.0,""Stars"":0.0,""Recency"":125.0,""Subdomain"":0.0,""Retrieval"":0.0,""PenaltyCrossAnchorFreq"":0.0,""ScoreBase"":533.82,""ScoreFinal"":533.82}","Score<MinimumScore","topic:gpu language:Python stars:>=50","🔥 An autonomous AI agent that runs your deep learning experiments 24/7 while you sleep. Zero-cost monitoring, Leader-Worker architecture, constant-size memory.","0"
"pytorch/pytorch","https://github.com/pytorch/pytorch","sebastianruder/NLP-progress","https://github.com/sebastianruder/NLP-progress","sebastianruder","Python","22965","nlp","533.2","563.3","30.1","50","QueryCoverage excluded from Score (recommended).","False","0.0769","0","1","0.6804","1","0","0.3333","Lang+Recency+Stars","{""Topic"":69.23,""Lexical"":0.0,""Lang"":250.0,""Stars"":119.07,""Recency"":125.0,""Subdomain"":0.0,""Retrieval"":0.0,""PenaltyCrossAnchorFreq"":30.1,""ScoreBase"":563.3,""ScoreFinal"":533.2}","Score<MinimumScore","p language:Python stars:>=50","Repository to track the progress in Natural Language Processing (NLP), including the datasets and the current state-of-the-art for the most common NLP tasks.","0"
"pytorch/pytorch","https://github.com/pytorch/pytorch","inducer/pycuda","https://github.com/inducer/pycuda","inducer","Python","2046","","530.77","530.77","0","50","QueryCoverage excluded from Score (recommended).","False","0.1429","0","1","0.1554","1","0","0.3333","Lang+Topic+Recency","{""Topic"":128.57,""Lexical"":0.0,""Lang"":250.0,""Stars"":27.2,""Recency"":125.0,""Subdomain"":0.0,""Retrieval"":0.0,""PenaltyCrossAnchorFreq"":0.0,""ScoreBase"":530.77,""ScoreFinal"":530.77}","Score<MinimumScore","topic:gpu language:Python stars:>=50","CUDA integration for Python, plus shiny features","0"
"pytorch/pytorch","https://github.com/pytorch/pytorch","chrisranderson/beholder","https://github.com/chrisranderson/beholder","chrisranderson","Python","463","deep-learning","525","525","0","50","QueryCoverage excluded from Score (recommended).","False","0","0","1","0","0.4","1","0.3333","Lang+Subdomain+Recency","{""Topic"":0.0,""Lexical"":0.0,""Lang"":250.0,""Stars"":0.0,""Recency"":50.0,""Subdomain"":225.0,""Retrieval"":0.0,""PenaltyCrossAnchorFreq"":0.0,""ScoreBase"":525.0,""ScoreFinal"":525.0}","Score<MinimumScore","tensors language:Python stars:>=50","A TensorBoard plugin for visualizing arbitrary tensors in a video as your network trains.","0"
"pytorch/pytorch","https://github.com/pytorch/pytorch","huggingface/transformers","https://github.com/huggingface/transformers","huggingface","Python","160851","llm","524.05","644.46","120.41","100","QueryCoverage excluded from Score (recommended).","False","0.125","0","1","0.8969","1","0","0.6667","Lang+Stars+Recency","{""Topic"":112.5,""Lexical"":0.0,""Lang"":250.0,""Stars"":156.96,""Recency"":125.0,""Subdomain"":0.0,""Retrieval"":0.0,""PenaltyCrossAnchorFreq"":120.41,""ScoreBase"":644.46,""ScoreFinal"":524.05}","Score<MinimumScore","topic:deep-learning language:Python stars:>=50 | topic:deep-learning stars:>=100","🤗 Transformers: the model-definition framework for state-of-the-art machine learning models in text, vision, audio, and multimodal models, for both inference and training. ","0"
"pytorch/pytorch","https://github.com/pytorch/pytorch","mouredev/Hello-Python","https://github.com/mouredev/Hello-Python","mouredev","Python","35705","llm","523.59","553.7","30.1","50","QueryCoverage excluded from Score (recommended).","False","0.0476","0","1","0.7762","1","0","0.3333","Lang+Stars+Recency","{""Topic"":42.86,""Lexical"":0.0,""Lang"":250.0,""Stars"":135.84,""Recency"":125.0,""Subdomain"":0.0,""Retrieval"":0.0,""PenaltyCrossAnchorFreq"":30.1,""ScoreBase"":553.7,""ScoreFinal"":523.59}","Score<MinimumScore","p language:Python stars:>=50","Curso para aprender el lenguaje de programación Python desde cero y para principiantes. 100 clases, 44 horas en vídeo, código, proyectos y grupo de chat. Fundamentos, frontend, backend, testing, IA...","0"
"pytorch/pytorch","https://github.com/pytorch/pytorch","dstackai/dstack","https://github.com/dstackai/dstack","dstackai","Python","2142","llm","521.33","521.33","0","50","QueryCoverage excluded from Score (recommended).","False","0.1304","0","1","0.1654","1","0","0.3333","Lang+Recency+Topic","{""Topic"":117.39,""Lexical"":0.0,""Lang"":250.0,""Stars"":28.94,""Recency"":125.0,""Subdomain"":0.0,""Retrieval"":0.0,""PenaltyCrossAnchorFreq"":0.0,""ScoreBase"":521.33,""ScoreFinal"":521.33}","Score<MinimumScore","topic:gpu language:Python stars:>=50","Vendor-agnostic orchestration for training, inference and agentic workloads across NVIDIA, AMD, TPU, and Tenstorrent on clouds, Kubernetes, and bare metal.","0"
"pytorch/pytorch","https://github.com/pytorch/pytorch","PostHog/posthog","https://github.com/PostHog/posthog","PostHog","Python","34624","mlops","520.48","550.58","30.1","50","QueryCoverage excluded from Score (recommended).","False","0.0455","0","1","0.7696","1","0","0.3333","Lang+Stars+Recency","{""Topic"":40.91,""Lexical"":0.0,""Lang"":250.0,""Stars"":134.67,""Recency"":125.0,""Subdomain"":0.0,""Retrieval"":0.0,""PenaltyCrossAnchorFreq"":30.1,""ScoreBase"":550.58,""ScoreFinal"":520.48}","Score<MinimumScore","p language:Python stars:>=50","🦔 PostHog is an all-in-one developer platform for building successful products. We offer product analytics, web analytics, session replay, error tracking, feature flags, experimentation, surveys, data warehouse, a CDP, and an AI product assistant to help debug your code, ship features faster, and keep all your usage and customer data in one stack.","0"
"pytorch/pytorch","https://github.com/pytorch/pytorch","ashishpatel26/500-AI-Machine-learning-Deep-learning-Computer-vision-NLP-Projects-with-code","https://github.com/ashishpatel26/500-AI-Machine-learning-Deep-learning-Computer-vision-NLP-Projects-with-code","ashishpatel26","","33740","deep-learning","519.08","633.69","114.61","50","QueryCoverage excluded from Score (recommended).","False","0.1667","0","0","0.7639","1","1","0.3333","Subdomain+Topic+Stars","{""Topic"":150.0,""Lexical"":0.0,""Lang"":0.0,""Stars"":133.69,""Recency"":125.0,""Subdomain"":225.0,""Retrieval"":0.0,""PenaltyCrossAnchorFreq"":114.61,""ScoreBase"":633.69,""ScoreFinal"":519.08}","Score<MinimumScore","topic:deep-learning stars:>=100","500 AI Machine learning Deep learning Computer vision NLP Projects with code","0"
"pytorch/pytorch","https://github.com/pytorch/pytorch","WeltXing/PyDyNet","https://github.com/WeltXing/PyDyNet","WeltXing","Python","87","llm","518.75","518.75","0","50","QueryCoverage excluded from Score (recommended).","False","0.1875","0","1","0","0.8","0","0.3333","Lang+Topic+Recency","{""Topic"":168.75,""Lexical"":0.0,""Lang"":250.0,""Stars"":0.0,""Recency"":100.0,""Subdomain"":0.0,""Retrieval"":0.0,""PenaltyCrossAnchorFreq"":0.0,""ScoreBase"":518.75,""ScoreFinal"":518.75}","Score<MinimumScore","topic:autograd language:Python stars:>=50","NumPy-based Dynamic Deep Learning Framework","0"
"pytorch/pytorch","https://github.com/pytorch/pytorch","paperless-ngx/paperless-ngx","https://github.com/paperless-ngx/paperless-ngx","paperless-ngx","Python","40887","computer-vision","518.28","565.99","47.71","50","QueryCoverage excluded from Score (recommended).","False","0.0556","0","1","0.8057","1","0","0.3333","Lang+Stars+Recency","{""Topic"":50.0,""Lexical"":0.0,""Lang"":250.0,""Stars"":140.99,""Recency"":125.0,""Subdomain"":0.0,""Retrieval"":0.0,""PenaltyCrossAnchorFreq"":47.71,""ScoreBase"":565.99,""ScoreFinal"":518.28}","Score<MinimumScore","p language:Python stars:>=50","A community-supported supercharged document management system: scan, index and archive all your documents","0"
"pytorch/pytorch","https://github.com/pytorch/pytorch","PDFMathTranslate/PDFMathTranslate","https://github.com/PDFMathTranslate/PDFMathTranslate","PDFMathTranslate","Python","33918","nlp","513.4","543.5","30.1","50","QueryCoverage excluded from Score (recommended).","False","0.0385","0","1","0.7651","1","0","0.3333","Lang+Stars+Recency","{""Topic"":34.62,""Lexical"":0.0,""Lang"":250.0,""Stars"":133.89,""Recency"":125.0,""Subdomain"":0.0,""Retrieval"":0.0,""PenaltyCrossAnchorFreq"":30.1,""ScoreBase"":543.5,""ScoreFinal"":513.4}","Score<MinimumScore","p language:Python stars:>=50","[EMNLP 2025 Demo] PDF scientific paper translation with preserved formats - 基于 AI 完整保留排版的 PDF 文档全文双语翻译，支持 Google/DeepL/Ollama/OpenAI 等服务，提供 CLI/GUI/MCP/Docker/Zotero","0"
"pytorch/pytorch","https://github.com/pytorch/pytorch","Avik-Jain/100-Days-Of-ML-Code","https://github.com/Avik-Jain/100-Days-Of-ML-Code","Avik-Jain","","51074","deep-learning","508.92","616.84","107.92","50","QueryCoverage excluded from Score (recommended).","False","0.1304","0","0","0.854","1","1","0.3333","Subdomain+Stars+Recency","{""Topic"":117.39,""Lexical"":0.0,""Lang"":0.0,""Stars"":149.44,""Recency"":125.0,""Subdomain"":225.0,""Retrieval"":0.0,""PenaltyCrossAnchorFreq"":107.92,""ScoreBase"":616.84,""ScoreFinal"":508.92}","Score<MinimumScore","topic:deep-learning stars:>=100","100 Days of ML Coding","0"
"pytorch/pytorch","https://github.com/pytorch/pytorch","huggingface/datasets","https://github.com/huggingface/datasets","huggingface","Python","21530","llm","505.58","620.19","114.61","50","QueryCoverage excluded from Score (recommended).","False","0.1429","0","1","0.6664","1","0","0.3333","Lang+Topic+Recency","{""Topic"":128.57,""Lexical"":0.0,""Lang"":250.0,""Stars"":116.62,""Recency"":125.0,""Subdomain"":0.0,""Retrieval"":0.0,""PenaltyCrossAnchorFreq"":114.61,""ScoreBase"":620.19,""ScoreFinal"":505.58}","Score<MinimumScore","topic:deep-learning language:Python stars:>=50","🤗 The largest hub of ready-to-use datasets for AI models with fast, easy-to-use and efficient data manipulation tools","0"
"pytorch/pytorch","https://github.com/pytorch/pytorch","Asabeneh/30-Days-Of-Python","https://github.com/Asabeneh/30-Days-Of-Python","Asabeneh","Python","62938","editor","503.48","618.1","114.61","50","QueryCoverage excluded from Score (recommended).","False","0.0952","0","1","0.8993","1","0","0.3333","Lang+Stars+Recency","{""Topic"":85.71,""Lexical"":0.0,""Lang"":250.0,""Stars"":157.38,""Recency"":125.0,""Subdomain"":0.0,""Retrieval"":0.0,""PenaltyCrossAnchorFreq"":114.61,""ScoreBase"":618.1,""ScoreFinal"":503.48}","Score<MinimumScore","p language:Python stars:>=50","The 30 Days of Python programming challenge is a step-by-step guide to learn the Python programming language in 30 days. This challenge may take more than 100 days. Follow your own pace. These videos may help too: https://www.youtube.com/channel/UC7PNRuno1rzYPb1xLa4yktw","0"
"pytorch/pytorch","https://github.com/pytorch/pytorch","harry0703/MoneyPrinterTurbo","https://github.com/harry0703/MoneyPrinterTurbo","harry0703","Python","57519","llm","502.94","593.25","90.31","50","QueryCoverage excluded from Score (recommended).","False","0.0714","0","1","0.8798","1","0","0.3333","Lang+Stars+Recency","{""Topic"":64.29,""Lexical"":0.0,""Lang"":250.0,""Stars"":153.96,""Recency"":125.0,""Subdomain"":0.0,""Retrieval"":0.0,""PenaltyCrossAnchorFreq"":90.31,""ScoreBase"":593.25,""ScoreFinal"":502.94}","Score<MinimumScore","p language:Python stars:>=50","利用AI大模型，一键生成高清短视频 Generate short videos with one click using AI LLM.","0"
"pytorch/pytorch","https://github.com/pytorch/pytorch","tlkh/asitop","https://github.com/tlkh/asitop","tlkh","Python","4570","","501.96","501.96","0","50","QueryCoverage excluded from Score (recommended).","False","0.0769","0","1","0.3299","1","0","0.3333","Lang+Recency+Topic","{""Topic"":69.23,""Lexical"":0.0,""Lang"":250.0,""Stars"":57.73,""Recency"":125.0,""Subdomain"":0.0,""Retrieval"":0.0,""PenaltyCrossAnchorFreq"":0.0,""ScoreBase"":501.96,""ScoreFinal"":501.96}","Score<MinimumScore","topic:gpu language:Python stars:>=50","Perf monitoring CLI tool for Apple Silicon","0"
"pytorch/pytorch","https://github.com/pytorch/pytorch","pandas-dev/pandas","https://github.com/pandas-dev/pandas","pandas-dev","Python","48820","data-science","501.65","591.96","90.31","50","QueryCoverage excluded from Score (recommended).","False","0.0769","0","1","0.8442","1","0","0.3333","Lang+Stars+Recency","{""Topic"":69.23,""Lexical"":0.0,""Lang"":250.0,""Stars"":147.73,""Recency"":125.0,""Subdomain"":0.0,""Retrieval"":0.0,""PenaltyCrossAnchorFreq"":90.31,""ScoreBase"":591.96,""ScoreFinal"":501.65}","Score<MinimumScore","p language:Python stars:>=50","Flexible and powerful data analysis / manipulation library for Python, providing labeled data structures similar to R data.frame objects, statistical functions, and much more","0"
"pytorch/pytorch","https://github.com/pytorch/pytorch","ray-project/ray","https://github.com/ray-project/ray","ray-project","Python","42623","llm","500.04","625.57","125.53","100","QueryCoverage excluded from Score (recommended).","False","0.12","0","1","0.8147","1","0","0.6667","Lang+Stars+Recency","{""Topic"":108.0,""Lexical"":0.0,""Lang"":250.0,""Stars"":142.57,""Recency"":125.0,""Subdomain"":0.0,""Retrieval"":0.0,""PenaltyCrossAnchorFreq"":125.53,""ScoreBase"":625.57,""ScoreFinal"":500.04}","Score<MinimumScore","topic:deep-learning language:Python stars:>=50 | topic:deep-learning stars:>=100","Ray is an AI compute engine. Ray consists of a core distributed runtime and a set of AI Libraries for accelerating ML workloads.","0"
"pytorch/pytorch","https://github.com/pytorch/pytorch","zylon-ai/private-gpt","https://github.com/zylon-ai/private-gpt","zylon-ai","Python","57214","llm","498.65","528.76","30.1","50","QueryCoverage excluded from Score (recommended).","False","0","0","1","0.8786","1","0","0.3333","Lang+Stars+Recency","{""Topic"":0.0,""Lexical"":0.0,""Lang"":250.0,""Stars"":153.76,""Recency"":125.0,""Subdomain"":0.0,""Retrieval"":0.0,""PenaltyCrossAnchorFreq"":30.1,""ScoreBase"":528.76,""ScoreFinal"":498.65}","Score<MinimumScore","p language:Python stars:>=50","Interact with your documents using the power of GPT, 100% privately, no data leaks","0"
"pytorch/pytorch","https://github.com/pytorch/pytorch","microsoft/AI-For-Beginners","https://github.com/microsoft/AI-For-Beginners","microsoft","Jupyter Notebook","47694","deep-learning","497.95","609.34","111.39","50","QueryCoverage excluded from Score (recommended).","False","0.125","0","0","0.8391","1","1","0.3333","Subdomain+Stars+Recency","{""Topic"":112.5,""Lexical"":0.0,""Lang"":0.0,""Stars"":146.84,""Recency"":125.0,""Subdomain"":225.0,""Retrieval"":0.0,""PenaltyCrossAnchorFreq"":111.39,""ScoreBase"":609.34,""ScoreFinal"":497.95}","Score<MinimumScore","topic:deep-learning stars:>=100","12 Weeks, 24 Lessons, AI for All!","0"
"pytorch/pytorch","https://github.com/pytorch/pytorch","lukas-blecher/LaTeX-OCR","https://github.com/lukas-blecher/LaTeX-OCR","lukas-blecher","Python","16401","llm","496.09","604.01","107.92","50","QueryCoverage excluded from Score (recommended).","False","0.1364","0","1","0.6073","1","0","0.3333","Lang+Recency+Topic","{""Topic"":122.73,""Lexical"":0.0,""Lang"":250.0,""Stars"":106.28,""Recency"":125.0,""Subdomain"":0.0,""Retrieval"":0.0,""PenaltyCrossAnchorFreq"":107.92,""ScoreBase"":604.01,""ScoreFinal"":496.09}","Score<MinimumScore","topic:deep-learning language:Python stars:>=50","pix2tex: Using a ViT to convert images of equations into LaTeX code.","0"
"pytorch/pytorch","https://github.com/pytorch/pytorch","thomasahle/tensorgrad","https://github.com/thomasahle/tensorgrad","thomasahle","Python","362","","494.9","525","30.1","100","QueryCoverage excluded from Score (recommended).","False","0.1667","0","1","0","1","0","0.6667","Lang+Topic+Recency","{""Topic"":150.0,""Lexical"":0.0,""Lang"":250.0,""Stars"":0.0,""Recency"":125.0,""Subdomain"":0.0,""Retrieval"":0.0,""PenaltyCrossAnchorFreq"":30.1,""ScoreBase"":525.0,""ScoreFinal"":494.9}","Score<MinimumScore","topic:autograd language:Python stars:>=50 | tensors language:Python stars:>=50","Machine Learning with Symbolic Tensors","0"
"pytorch/pytorch","https://github.com/pytorch/pytorch","jhao104/proxy_pool","https://github.com/jhao104/proxy_pool","jhao104","Python","23354","editor","494.71","494.71","0","50","QueryCoverage excluded from Score (recommended).","False","0","0","1","0.6841","1","0","0.3333","Lang+Recency+Stars","{""Topic"":0.0,""Lexical"":0.0,""Lang"":250.0,""Stars"":119.71,""Recency"":125.0,""Subdomain"":0.0,""Retrieval"":0.0,""PenaltyCrossAnchorFreq"":0.0,""ScoreBase"":494.71,""ScoreFinal"":494.71}","Score<MinimumScore","p language:Python stars:>=50","Python ProxyPool for web spider","0"
"pytorch/pytorch","https://github.com/pytorch/pytorch","modelcontextprotocol/python-sdk","https://github.com/modelcontextprotocol/python-sdk","modelcontextprotocol","Python","23084","","494.27","494.27","0","50","QueryCoverage excluded from Score (recommended).","False","0","0","1","0.6815","1","0","0.3333","Lang+Recency+Stars","{""Topic"":0.0,""Lexical"":0.0,""Lang"":250.0,""Stars"":119.27,""Recency"":125.0,""Subdomain"":0.0,""Retrieval"":0.0,""PenaltyCrossAnchorFreq"":0.0,""ScoreBase"":494.27,""ScoreFinal"":494.27}","Score<MinimumScore","p language:Python stars:>=50","The official Python SDK for Model Context Protocol servers and clients","0"
"pytorch/pytorch","https://github.com/pytorch/pytorch","flashinfer-ai/flashinfer","https://github.com/flashinfer-ai/flashinfer","flashinfer-ai","Python","5652","llm","493.74","493.74","0","50","QueryCoverage excluded from Score (recommended).","False","0.0588","0","1","0.376","1","0","0.3333","Lang+Recency+Stars","{""Topic"":52.94,""Lexical"":0.0,""Lang"":250.0,""Stars"":65.8,""Recency"":125.0,""Subdomain"":0.0,""Retrieval"":0.0,""PenaltyCrossAnchorFreq"":0.0,""ScoreBase"":493.74,""ScoreFinal"":493.74}","Score<MinimumScore","topic:gpu language:Python stars:>=50","FlashInfer: Kernel Library for LLM Serving","0"
"pytorch/pytorch","https://github.com/pytorch/pytorch","microsoft/JARVIS","https://github.com/microsoft/JARVIS","microsoft","Python","24748","llm","491.49","586.91","95.42","50","QueryCoverage excluded from Score (recommended).","False","0.1","0","1","0.6966","1","0","0.3333","Lang+Recency+Stars","{""Topic"":90.0,""Lexical"":0.0,""Lang"":250.0,""Stars"":121.91,""Recency"":125.0,""Subdomain"":0.0,""Retrieval"":0.0,""PenaltyCrossAnchorFreq"":95.42,""ScoreBase"":586.91,""ScoreFinal"":491.49}","Score<MinimumScore","topic:deep-learning language:Python stars:>=50","JARVIS, a system to connect LLMs with ML community. Paper: https://arxiv.org/pdf/2303.17580.pdf","0"
"pytorch/pytorch","https://github.com/pytorch/pytorch","automata/mojograd","https://github.com/automata/mojograd","automata","Python","77","","488.64","488.64","0","50","QueryCoverage excluded from Score (recommended).","False","0.1818","0","1","0","0.6","0","0.3333","Lang+Topic+Recency","{""Topic"":163.64,""Lexical"":0.0,""Lang"":250.0,""Stars"":0.0,""Recency"":75.0,""Subdomain"":0.0,""Retrieval"":0.0,""PenaltyCrossAnchorFreq"":0.0,""ScoreBase"":488.64,""ScoreFinal"":488.64}","Score<MinimumScore","topic:autograd language:Python stars:>=50","Implementation of Karpathy's micrograd in Mojo :fire:","0"
"pytorch/pytorch","https://github.com/pytorch/pytorch","lebedov/scikit-cuda","https://github.com/lebedov/scikit-cuda","lebedov","Python","987","","487.5","487.5","0","50","QueryCoverage excluded from Score (recommended).","False","0.125","0","1","0","1","0","0.3333","Lang+Recency+Topic","{""Topic"":112.5,""Lexical"":0.0,""Lang"":250.0,""Stars"":0.0,""Recency"":125.0,""Subdomain"":0.0,""Retrieval"":0.0,""PenaltyCrossAnchorFreq"":0.0,""ScoreBase"":487.5,""ScoreFinal"":487.5}","Score<MinimumScore","topic:gpu language:Python stars:>=50","Python interface to GPU-powered libraries","0"
"pytorch/pytorch","https://github.com/pytorch/pytorch","opencv/opencv","https://github.com/opencv/opencv","opencv","C++","87581","deep-learning","487.02","594.94","107.92","50","QueryCoverage excluded from Score (recommended).","False","0.0833","0","0","0.9711","1","1","0.3333","Subdomain+Stars+Recency","{""Topic"":75.0,""Lexical"":0.0,""Lang"":0.0,""Stars"":169.94,""Recency"":125.0,""Subdomain"":225.0,""Retrieval"":0.0,""PenaltyCrossAnchorFreq"":107.92,""ScoreBase"":594.94,""ScoreFinal"":487.02}","Score<MinimumScore","topic:deep-learning stars:>=100","Open Source Computer Vision Library","0"
"pytorch/pytorch","https://github.com/pytorch/pytorch","rbonghi/jetson_stats","https://github.com/rbonghi/jetson_stats","rbonghi","Python","2553","","485.61","485.61","0","50","QueryCoverage excluded from Score (recommended).","False","0.0833","0","1","0.2035","1","0","0.3333","Lang+Recency+Topic","{""Topic"":75.0,""Lexical"":0.0,""Lang"":250.0,""Stars"":35.61,""Recency"":125.0,""Subdomain"":0.0,""Retrieval"":0.0,""PenaltyCrossAnchorFreq"":0.0,""ScoreBase"":485.61,""ScoreFinal"":485.61}","Score<MinimumScore","topic:gpu language:Python stars:>=50","📊 Simple package for monitoring and control your NVIDIA Jetson [Orin, Xavier, Nano, TX] series","0"
"pytorch/pytorch","https://github.com/pytorch/pytorch","Andyyyy64/whichllm","https://github.com/Andyyyy64/whichllm","Andyyyy64","Python","1658","llm","484.21","484.21","0","50","QueryCoverage excluded from Score (recommended).","False","0.1","0","1","0.1098","1","0","0.3333","Lang+Recency+Topic","{""Topic"":90.0,""Lexical"":0.0,""Lang"":250.0,""Stars"":19.21,""Recency"":125.0,""Subdomain"":0.0,""Retrieval"":0.0,""PenaltyCrossAnchorFreq"":0.0,""ScoreBase"":484.21,""ScoreFinal"":484.21}","Score<MinimumScore","topic:gpu language:Python stars:>=50","Find the local LLM that actually runs and performs best on your hardware. Ranked by real, recency-aware benchmarks, not parameter count. One command, run it instantly.","0"
"pytorch/pytorch","https://github.com/pytorch/pytorch","XuehaiPan/nvitop","https://github.com/XuehaiPan/nvitop","XuehaiPan","Python","6919","","483.1","483.1","0","50","QueryCoverage excluded from Score (recommended).","False","0.0385","0","1","0.4199","1","0","0.3333","Lang+Recency+Stars","{""Topic"":34.62,""Lexical"":0.0,""Lang"":250.0,""Stars"":73.48,""Recency"":125.0,""Subdomain"":0.0,""Retrieval"":0.0,""PenaltyCrossAnchorFreq"":0.0,""ScoreBase"":483.1,""ScoreFinal"":483.1}","Score<MinimumScore","topic:gpu language:Python stars:>=50","An interactive NVIDIA-GPU process viewer and beyond, the one-stop solution for GPU process management.","0"
"pytorch/pytorch","https://github.com/pytorch/pytorch","huggingface/pytorch-image-models","https://github.com/huggingface/pytorch-image-models","huggingface","Python","36823","llm","481.91","512.01","30.1","50","QueryCoverage excluded from Score (recommended).","False","0","0","1","0.7829","1","0","0.3333","Lang+Stars+Recency","{""Topic"":0.0,""Lexical"":0.0,""Lang"":250.0,""Stars"":137.01,""Recency"":125.0,""Subdomain"":0.0,""Retrieval"":0.0,""PenaltyCrossAnchorFreq"":30.1,""ScoreBase"":512.01,""ScoreFinal"":481.91}","Score<MinimumScore","p language:Python stars:>=50","The largest collection of PyTorch image encoders / backbones. Including train, eval, inference, export scripts, and pretrained weights -- ResNet, ResNeXT, EfficientNet, NFNet, Vision Transformer (ViT), MobileNetV4, MobileNet-V3 & V2, RegNet, DPN, CSPNet, Swin Transformer, MaxViT, CoAtNet, ConvNeXt, and more","0"
"pytorch/pytorch","https://github.com/pytorch/pytorch","gprMax/gprMax","https://github.com/gprMax/gprMax","gprMax","Python","839","","480.88","480.88","0","50","QueryCoverage excluded from Score (recommended).","False","0.1176","0","1","0","1","0","0.3333","Lang+Recency+Topic","{""Topic"":105.88,""Lexical"":0.0,""Lang"":250.0,""Stars"":0.0,""Recency"":125.0,""Subdomain"":0.0,""Retrieval"":0.0,""PenaltyCrossAnchorFreq"":0.0,""ScoreBase"":480.88,""ScoreFinal"":480.88}","Score<MinimumScore","topic:gpu language:Python stars:>=50","gprMax is open source software that simulates electromagnetic wave propagation using the Finite-Difference Time-Domain (FDTD) method for numerical modelling of Ground Penetrating Radar (GPR)","0"
"pytorch/pytorch","https://github.com/pytorch/pytorch","uxlfoundation/scikit-learn-intelex","https://github.com/uxlfoundation/scikit-learn-intelex","uxlfoundation","Python","1345","data-science","480.66","528.37","47.71","50","QueryCoverage excluded from Score (recommended).","False","0.1579","0","1","0.0644","1","0","0.3333","Lang+Topic+Recency","{""Topic"":142.11,""Lexical"":0.0,""Lang"":250.0,""Stars"":11.27,""Recency"":125.0,""Subdomain"":0.0,""Retrieval"":0.0,""PenaltyCrossAnchorFreq"":47.71,""ScoreBase"":528.37,""ScoreFinal"":480.66}","Score<MinimumScore","topic:gpu language:Python stars:>=50"," Extension for Scikit-learn is a seamless way to speed up your Scikit-learn application","0"
"pytorch/pytorch","https://github.com/pytorch/pytorch","swisskyrepo/PayloadsAllTheThings","https://github.com/swisskyrepo/PayloadsAllTheThings","swisskyrepo","Python","77850","","480.26","540.46","60.21","50","QueryCoverage excluded from Score (recommended).","False","0","0","1","0.9455","1","0","0.3333","Lang+Stars+Recency","{""Topic"":0.0,""Lexical"":0.0,""Lang"":250.0,""Stars"":165.46,""Recency"":125.0,""Subdomain"":0.0,""Retrieval"":0.0,""PenaltyCrossAnchorFreq"":60.21,""ScoreBase"":540.46,""ScoreFinal"":480.26}","Score<MinimumScore","p language:Python stars:>=50","A list of useful payloads and bypass for Web Application Security and Pentest/CTF","0"
"pytorch/pytorch","https://github.com/pytorch/pytorch","graphistry/pygraphistry","https://github.com/graphistry/pygraphistry","graphistry","Python","2486","data-science","478.83","478.83","0","50","QueryCoverage excluded from Score (recommended).","False","0.0769","0","1","0.1977","1","0","0.3333","Lang+Recency+Topic","{""Topic"":69.23,""Lexical"":0.0,""Lang"":250.0,""Stars"":34.6,""Recency"":125.0,""Subdomain"":0.0,""Retrieval"":0.0,""PenaltyCrossAnchorFreq"":0.0,""ScoreBase"":478.83,""ScoreFinal"":478.83}","Score<MinimumScore","topic:gpu language:Python stars:>=50","PyGraphistry is a Python library to quickly load, shape, embed, and explore big graphs with the GPU-accelerated Graphistry visual graph analyzer","0"
"pytorch/pytorch","https://github.com/pytorch/pytorch","tatsu-lab/stanford_alpaca","https://github.com/tatsu-lab/stanford_alpaca","tatsu-lab","Python","30250","llm","476.93","594.54","117.61","100","QueryCoverage excluded from Score (recommended).","False","0.1","0","1","0.7402","1","0","0.6667","Lang+Stars+Recency","{""Topic"":90.0,""Lexical"":0.0,""Lang"":250.0,""Stars"":129.54,""Recency"":125.0,""Subdomain"":0.0,""Retrieval"":0.0,""PenaltyCrossAnchorFreq"":117.61,""ScoreBase"":594.54,""ScoreFinal"":476.93}","Score<MinimumScore","topic:deep-learning language:Python stars:>=50 | topic:deep-learning stars:>=100","Code and documentation to train Stanford's Alpaca models, and generate the data.","0"
"pytorch/pytorch","https://github.com/pytorch/pytorch","charlax/professional-programming","https://github.com/charlax/professional-programming","charlax","Python","50997","","476.67","524.39","47.71","50","QueryCoverage excluded from Score (recommended).","False","0","0","1","0.8536","1","0","0.3333","Lang+Stars+Recency","{""Topic"":0.0,""Lexical"":0.0,""Lang"":250.0,""Stars"":149.39,""Recency"":125.0,""Subdomain"":0.0,""Retrieval"":0.0,""PenaltyCrossAnchorFreq"":47.71,""ScoreBase"":524.39,""ScoreFinal"":476.67}","Score<MinimumScore","p language:Python stars:>=50","A collection of learning resources for curious software engineers","0"
"pytorch/pytorch","https://github.com/pytorch/pytorch","RightTyper/RightTyper","https://github.com/RightTyper/RightTyper","RightTyper","Python","358","","475","475","0","50","QueryCoverage excluded from Score (recommended).","False","0.1111","0","1","0","1","0","0.3333","Lang+Recency+Topic","{""Topic"":100.0,""Lexical"":0.0,""Lang"":250.0,""Stars"":0.0,""Recency"":125.0,""Subdomain"":0.0,""Retrieval"":0.0,""PenaltyCrossAnchorFreq"":0.0,""ScoreBase"":475.0,""ScoreFinal"":475.0}","Score<MinimumScore","tensors language:Python stars:>=50","A fast and efficient type assistant for Python, including tensor shape inference","0"
"pytorch/pytorch","https://github.com/pytorch/pytorch","openai/openai-agents-python","https://github.com/openai/openai-agents-python","openai","Python","26552","llm","473.56","563.87","90.31","50","QueryCoverage excluded from Score (recommended).","False","0.0714","0","1","0.7119","1","0","0.3333","Lang+Recency+Stars","{""Topic"":64.29,""Lexical"":0.0,""Lang"":250.0,""Stars"":124.59,""Recency"":125.0,""Subdomain"":0.0,""Retrieval"":0.0,""PenaltyCrossAnchorFreq"":90.31,""ScoreBase"":563.87,""ScoreFinal"":473.56}","Score<MinimumScore","p language:Python stars:>=50","A lightweight, powerful framework for multi-agent workflows","0"
"pytorch/pytorch","https://github.com/pytorch/pytorch","nextlevelbuilder/ui-ux-pro-max-skill","https://github.com/nextlevelbuilder/ui-ux-pro-max-skill","nextlevelbuilder","Python","81308","editor","472.22","542.11","69.9","50","QueryCoverage excluded from Score (recommended).","False","0","0","1","0.9549","1","0","0.3333","Lang+Stars+Recency","{""Topic"":0.0,""Lexical"":0.0,""Lang"":250.0,""Stars"":167.11,""Recency"":125.0,""Subdomain"":0.0,""Retrieval"":0.0,""PenaltyCrossAnchorFreq"":69.9,""ScoreBase"":542.11,""ScoreFinal"":472.22}","Score<MinimumScore","p language:Python stars:>=50","An AI SKILL that provide design intelligence for building professional UI/UX multiple platforms","0"
"pytorch/pytorch","https://github.com/pytorch/pytorch","mli/paper-reading","https://github.com/mli/paper-reading","mli","","33310","deep-learning","465.28","573.2","107.92","50","QueryCoverage excluded from Score (recommended).","False","0.1","0","0","0.7612","1","1","0.3333","Subdomain+Stars+Recency","{""Topic"":90.0,""Lexical"":0.0,""Lang"":0.0,""Stars"":133.2,""Recency"":125.0,""Subdomain"":225.0,""Retrieval"":0.0,""PenaltyCrossAnchorFreq"":107.92,""ScoreBase"":573.2,""ScoreFinal"":465.28}","Score<MinimumScore","topic:deep-learning stars:>=100","深度学习经典、新论文逐段精读","0"
"pytorch/pytorch","https://github.com/pytorch/pytorch","SYSTRAN/faster-whisper","https://github.com/SYSTRAN/faster-whisper","SYSTRAN","Python","23053","llm","463.91","554.22","90.31","50","QueryCoverage excluded from Score (recommended).","False","0.0667","0","1","0.6812","1","0","0.3333","Lang+Recency+Stars","{""Topic"":60.0,""Lexical"":0.0,""Lang"":250.0,""Stars"":119.22,""Recency"":125.0,""Subdomain"":0.0,""Retrieval"":0.0,""PenaltyCrossAnchorFreq"":90.31,""ScoreBase"":554.22,""ScoreFinal"":463.91}","Score<MinimumScore","topic:deep-learning language:Python stars:>=50","Faster Whisper transcription with CTranslate2","0"
"pytorch/pytorch","https://github.com/pytorch/pytorch","PaddlePaddle/PaddleOCR","https://github.com/PaddlePaddle/PaddleOCR","PaddlePaddle","Python","78296","llm","462.86","540.68","77.82","50","QueryCoverage excluded from Score (recommended).","False","0","0","1","0.9467","1","0","0.3333","Lang+Stars+Recency","{""Topic"":0.0,""Lexical"":0.0,""Lang"":250.0,""Stars"":165.68,""Recency"":125.0,""Subdomain"":0.0,""Retrieval"":0.0,""PenaltyCrossAnchorFreq"":77.82,""ScoreBase"":540.68,""ScoreFinal"":462.86}","Score<MinimumScore","p language:Python stars:>=50","Turn any PDF or image document into structured data for your AI. A powerful, lightweight OCR toolkit that bridges the gap between images/PDFs and LLMs. Supports 100+ languages.","0"
"pytorch/pytorch","https://github.com/pytorch/pytorch","thu-pacman/chitu","https://github.com/thu-pacman/chitu","thu-pacman","Python","3136","llm","457.55","487.65","30.1","50","QueryCoverage excluded from Score (recommended).","False","0.0769","0","1","0.2481","1","0","0.3333","Lang+Recency+Topic","{""Topic"":69.23,""Lexical"":0.0,""Lang"":250.0,""Stars"":43.42,""Recency"":125.0,""Subdomain"":0.0,""Retrieval"":0.0,""PenaltyCrossAnchorFreq"":30.1,""ScoreBase"":487.65,""ScoreFinal"":457.55}","Score<MinimumScore","topic:gpu language:Python stars:>=50","High-performance inference framework for large language models, focusing on efficiency, flexibility, and availability.","0"
"pytorch/pytorch","https://github.com/pytorch/pytorch","jina-ai/serve","https://github.com/jina-ai/serve","jina-ai","Python","21869","llm","457.3","561.44","104.14","50","QueryCoverage excluded from Score (recommended).","False","0.0769","0","1","0.6698","1","0","0.3333","Lang+Recency+Stars","{""Topic"":69.23,""Lexical"":0.0,""Lang"":250.0,""Stars"":117.21,""Recency"":125.0,""Subdomain"":0.0,""Retrieval"":0.0,""PenaltyCrossAnchorFreq"":104.14,""ScoreBase"":561.44,""ScoreFinal"":457.3}","Score<MinimumScore","topic:deep-learning language:Python stars:>=50","☁️ Build multimodal AI applications with cloud-native stack","0"
"pytorch/pytorch","https://github.com/pytorch/pytorch","eugeneyan/applied-ml","https://github.com/eugeneyan/applied-ml","eugeneyan","","29295","deep-learning","456.93","568.32","111.39","50","QueryCoverage excluded from Score (recommended).","False","0.1","0","0","0.7333","1","1","0.3333","Subdomain+Stars+Recency","{""Topic"":90.0,""Lexical"":0.0,""Lang"":0.0,""Stars"":128.32,""Recency"":125.0,""Subdomain"":225.0,""Retrieval"":0.0,""PenaltyCrossAnchorFreq"":111.39,""ScoreBase"":568.32,""ScoreFinal"":456.93}","Score<MinimumScore","topic:deep-learning stars:>=100","📚 Papers & tech blogs by companies sharing their work on data science & machine learning in production.","0"
"pytorch/pytorch","https://github.com/pytorch/pytorch","scikit-hep/pyhf","https://github.com/scikit-hep/pyhf","scikit-hep","Python","300","","456.82","456.82","0","50","QueryCoverage excluded from Score (recommended).","False","0.0909","0","1","0","1","0","0.3333","Lang+Recency+Topic","{""Topic"":81.82,""Lexical"":0.0,""Lang"":250.0,""Stars"":0.0,""Recency"":125.0,""Subdomain"":0.0,""Retrieval"":0.0,""PenaltyCrossAnchorFreq"":0.0,""ScoreBase"":456.82,""ScoreFinal"":456.82}","Score<MinimumScore","tensors language:Python stars:>=50","pure-Python HistFactory implementation with tensors and autodiff","0"
"pytorch/pytorch","https://github.com/pytorch/pytorch","fancompute/legume","https://github.com/fancompute/legume","fancompute","Python","147","editor","456.82","456.82","0","50","QueryCoverage excluded from Score (recommended).","False","0.0909","0","1","0","1","0","0.3333","Lang+Recency+Topic","{""Topic"":81.82,""Lexical"":0.0,""Lang"":250.0,""Stars"":0.0,""Recency"":125.0,""Subdomain"":0.0,""Retrieval"":0.0,""PenaltyCrossAnchorFreq"":0.0,""ScoreBase"":456.82,""ScoreFinal"":456.82}","Score<MinimumScore","topic:autograd language:Python stars:>=50"," 🌱 Guided-mode expansion of photonic crystal slabs","0"
"pytorch/pytorch","https://github.com/pytorch/pytorch","google-ai-edge/mediapipe","https://github.com/google-ai-edge/mediapipe","google-ai-edge","C++","35289","deep-learning","455.74","563.66","107.92","50","QueryCoverage excluded from Score (recommended).","False","0.087","0","0","0.7737","1","1","0.3333","Subdomain+Stars+Recency","{""Topic"":78.26,""Lexical"":0.0,""Lang"":0.0,""Stars"":135.4,""Recency"":125.0,""Subdomain"":225.0,""Retrieval"":0.0,""PenaltyCrossAnchorFreq"":107.92,""ScoreBase"":563.66,""ScoreFinal"":455.74}","Score<MinimumScore","topic:deep-learning stars:>=100","Cross-platform, customizable ML solutions for live and streaming media.","0"
"pytorch/pytorch","https://github.com/pytorch/pytorch","naptha/tesseract.js","https://github.com/naptha/tesseract.js","naptha","JavaScript","38096","deep-learning","455.39","563.3","107.92","50","QueryCoverage excluded from Score (recommended).","False","0.0833","0","0","0.7903","1","1","0.3333","Subdomain+Stars+Recency","{""Topic"":75.0,""Lexical"":0.0,""Lang"":0.0,""Stars"":138.3,""Recency"":125.0,""Subdomain"":225.0,""Retrieval"":0.0,""PenaltyCrossAnchorFreq"":107.92,""ScoreBase"":563.3,""ScoreFinal"":455.39}","Score<MinimumScore","topic:deep-learning stars:>=100","Pure Javascript OCR for more than 100 Languages 📖🎉🖥","0"
"pytorch/pytorch","https://github.com/pytorch/pytorch","inducer/pyopencl","https://github.com/inducer/pyopencl","inducer","Python","1138","","451.92","451.92","0","50","QueryCoverage excluded from Score (recommended).","False","0.08","0","1","0.0281","1","0","0.3333","Lang+Recency+Topic","{""Topic"":72.0,""Lexical"":0.0,""Lang"":250.0,""Stars"":4.92,""Recency"":125.0,""Subdomain"":0.0,""Retrieval"":0.0,""PenaltyCrossAnchorFreq"":0.0,""ScoreBase"":451.92,""ScoreFinal"":451.92}","Score<MinimumScore","topic:gpu language:Python stars:>=50","OpenCL integration for Python, plus shiny features","0"
"pytorch/pytorch","https://github.com/pytorch/pytorch","fjosw/pyerrors","https://github.com/fjosw/pyerrors","fjosw","Python","53","data-science","450","450","0","50","QueryCoverage excluded from Score (recommended).","False","0.0833","0","1","0","1","0","0.3333","Lang+Recency+Topic","{""Topic"":75.0,""Lexical"":0.0,""Lang"":250.0,""Stars"":0.0,""Recency"":125.0,""Subdomain"":0.0,""Retrieval"":0.0,""PenaltyCrossAnchorFreq"":0.0,""ScoreBase"":450.0,""ScoreFinal"":450.0}","Score<MinimumScore","topic:autograd language:Python stars:>=50","Error propagation and statistical analysis for Monte Carlo simulations in lattice QCD and statistical mechanics using autograd.","0"
"pytorch/pytorch","https://github.com/pytorch/pytorch","fastplotlib/fastplotlib","https://github.com/fastplotlib/fastplotlib","fastplotlib","Python","1507","","446.84","446.84","0","50","QueryCoverage excluded from Score (recommended).","False","0.0625","0","1","0.0891","1","0","0.3333","Lang+Recency+Topic","{""Topic"":56.25,""Lexical"":0.0,""Lang"":250.0,""Stars"":15.59,""Recency"":125.0,""Subdomain"":0.0,""Retrieval"":0.0,""PenaltyCrossAnchorFreq"":0.0,""ScoreBase"":446.84,""ScoreFinal"":446.84}","Score<MinimumScore","topic:gpu language:Python stars:>=50","Next-gen fast plotting library running on WGPU using the pygfx rendering engine","0"
"pytorch/pytorch","https://github.com/pytorch/pytorch","public-apis/public-apis","https://github.com/public-apis/public-apis","public-apis","Python","436368","","446.32","494.04","47.71","50","QueryCoverage excluded from Score (recommended).","False","0","0","1","0.6802","1","0","0.3333","Lang+Recency+Stars","{""Topic"":0.0,""Lexical"":0.0,""Lang"":250.0,""Stars"":119.04,""Recency"":125.0,""Subdomain"":0.0,""Retrieval"":0.0,""PenaltyCrossAnchorFreq"":47.71,""ScoreBase"":494.04,""ScoreFinal"":446.32}","Score<MinimumScore","p language:Python stars:>=50","A collective list of free APIs","0"
"pytorch/pytorch","https://github.com/pytorch/pytorch","CMU-Perceptual-Computing-Lab/openpose","https://github.com/CMU-Perceptual-Computing-Lab/openpose","CMU-Perceptual-Computing-Lab","C++","34099","deep-learning","445.4","553.32","107.92","50","QueryCoverage excluded from Score (recommended).","False","0.0769","0","0","0.7662","1","1","0.3333","Subdomain+Stars+Recency","{""Topic"":69.23,""Lexical"":0.0,""Lang"":0.0,""Stars"":134.09,""Recency"":125.0,""Subdomain"":225.0,""Retrieval"":0.0,""PenaltyCrossAnchorFreq"":107.92,""ScoreBase"":553.32,""ScoreFinal"":445.4}","Score<MinimumScore","topic:deep-learning stars:>=100","OpenPose: Real-time multi-person keypoint detection library for body, face, hands, and foot estimation","0"
"pytorch/pytorch","https://github.com/pytorch/pytorch","SunOner/sunone_aimbot","https://github.com/SunOner/sunone_aimbot","SunOner","Python","881","computer-vision","444.23","444.23","0","50","QueryCoverage excluded from Score (recommended).","False","0.0769","0","1","0","1","0","0.3333","Lang+Recency+Topic","{""Topic"":69.23,""Lexical"":0.0,""Lang"":250.0,""Stars"":0.0,""Recency"":125.0,""Subdomain"":0.0,""Retrieval"":0.0,""PenaltyCrossAnchorFreq"":0.0,""ScoreBase"":444.23,""ScoreFinal"":444.23}","Score<MinimumScore","topic:gpu language:Python stars:>=50","Aim-bot based on AI for all FPS games","0"
"pytorch/pytorch","https://github.com/pytorch/pytorch","tensorgi/TPA","https://github.com/tensorgi/TPA","tensorgi","Python","457","llm","444.23","444.23","0","50","QueryCoverage excluded from Score (recommended).","False","0.0769","0","1","0","1","0","0.3333","Lang+Recency+Topic","{""Topic"":69.23,""Lexical"":0.0,""Lang"":250.0,""Stars"":0.0,""Recency"":125.0,""Subdomain"":0.0,""Retrieval"":0.0,""PenaltyCrossAnchorFreq"":0.0,""ScoreBase"":444.23,""ScoreFinal"":444.23}","Score<MinimumScore","tensors language:Python stars:>=50","[NeurIPS 2025 Spotlight] TPA: Tensor ProducT ATTenTion Transformer (T6) (https://arxiv.org/abs/2501.06425)","0"
"pytorch/pytorch","https://github.com/pytorch/pytorch","jcmgray/cotengra","https://github.com/jcmgray/cotengra","jcmgray","Python","240","","435","435","0","50","QueryCoverage excluded from Score (recommended).","False","0.0667","0","1","0","1","0","0.3333","Lang+Recency+Topic","{""Topic"":60.0,""Lexical"":0.0,""Lang"":250.0,""Stars"":0.0,""Recency"":125.0,""Subdomain"":0.0,""Retrieval"":0.0,""PenaltyCrossAnchorFreq"":0.0,""ScoreBase"":435.0,""ScoreFinal"":435.0}","Score<MinimumScore","tensors language:Python stars:>=50","Hyper optimized contraction trees for large tensor networks and einsums","0"
"pytorch/pytorch","https://github.com/pytorch/pytorch","emmabostian/developer-portfolios","https://github.com/emmabostian/developer-portfolios","emmabostian","Python","22819","","433.62","493.83","60.21","50","QueryCoverage excluded from Score (recommended).","False","0","0","1","0.679","1","0","0.3333","Lang+Recency+Stars","{""Topic"":0.0,""Lexical"":0.0,""Lang"":250.0,""Stars"":118.83,""Recency"":125.0,""Subdomain"":0.0,""Retrieval"":0.0,""PenaltyCrossAnchorFreq"":60.21,""ScoreBase"":493.83,""ScoreFinal"":433.62}","Score<MinimumScore","p language:Python stars:>=50","A list of developer portfolios for your inspiration","0"
"pytorch/pytorch","https://github.com/pytorch/pytorch","camel-ai/camel","https://github.com/camel-ai/camel","camel-ai","Python","17009","llm","430.99","538.91","107.92","50","QueryCoverage excluded from Score (recommended).","False","0.0625","0","1","0.6152","1","0","0.3333","Lang+Recency+Stars","{""Topic"":56.25,""Lexical"":0.0,""Lang"":250.0,""Stars"":107.66,""Recency"":125.0,""Subdomain"":0.0,""Retrieval"":0.0,""PenaltyCrossAnchorFreq"":107.92,""ScoreBase"":538.91,""ScoreFinal"":430.99}","Score<MinimumScore","topic:deep-learning language:Python stars:>=50","🐫 CAMEL: The first and the best multi-agent framework. Finding the Scaling Law of Agents. https://www.camel-ai.org","0"
"pytorch/pytorch","https://github.com/pytorch/pytorch","mindsdb/minds-platform","https://github.com/mindsdb/minds-platform","mindsdb","Python","39194","llm","429.87","514.38","84.51","50","QueryCoverage excluded from Score (recommended).","False","0","0","1","0.7965","1","0","0.3333","Lang+Stars+Recency","{""Topic"":0.0,""Lexical"":0.0,""Lang"":250.0,""Stars"":139.38,""Recency"":125.0,""Subdomain"":0.0,""Retrieval"":0.0,""PenaltyCrossAnchorFreq"":84.51,""ScoreBase"":514.38,""ScoreFinal"":429.87}","Score<MinimumScore","p language:Python stars:>=50","Platform dedicated to building an open foundation for applied Artificial Intelligence, designed for people seeking production-ready AI systems they can truly control, extend and deploy anywhere.","0"
"pytorch/pytorch","https://github.com/pytorch/pytorch","selkies-project/selkies","https://github.com/selkies-project/selkies","selkies-project","Python","1742","","429.42","429.42","0","50","QueryCoverage excluded from Score (recommended).","False","0.037","0","1","0.1205","1","0","0.3333","Lang+Recency+Topic","{""Topic"":33.33,""Lexical"":0.0,""Lang"":250.0,""Stars"":21.09,""Recency"":125.0,""Subdomain"":0.0,""Retrieval"":0.0,""PenaltyCrossAnchorFreq"":0.0,""ScoreBase"":429.42,""ScoreFinal"":429.42}","Score<MinimumScore","topic:gpu language:Python stars:>=50","Open-Source Low-Latency Accelerated Linux WebRTC HTML5 Remote Desktop Streaming Platform for Self-Hosting, Containers, Kubernetes, or Cloud/HPC","0"
"pytorch/pytorch","https://github.com/pytorch/pytorch","safetensors/safetensors","https://github.com/safetensors/safetensors","safetensors","Python","3751","","425.22","425.22","0","50","QueryCoverage excluded from Score (recommended).","False","0","0","1","0.287","1","0","0.3333","Lang+Recency+Stars","{""Topic"":0.0,""Lexical"":0.0,""Lang"":250.0,""Stars"":50.22,""Recency"":125.0,""Subdomain"":0.0,""Retrieval"":0.0,""PenaltyCrossAnchorFreq"":0.0,""ScoreBase"":425.22,""ScoreFinal"":425.22}","Score<MinimumScore","tensors language:Python stars:>=50","Simple, safe way to store and distribute tensors","0"
"pytorch/pytorch","https://github.com/pytorch/pytorch","VectifyAI/PageIndex","https://github.com/VectifyAI/PageIndex","VectifyAI","Python","31904","llm","422.05","506.56","84.51","50","QueryCoverage excluded from Score (recommended).","False","0","0","1","0.7518","1","0","0.3333","Lang+Stars+Recency","{""Topic"":0.0,""Lexical"":0.0,""Lang"":250.0,""Stars"":131.56,""Recency"":125.0,""Subdomain"":0.0,""Retrieval"":0.0,""PenaltyCrossAnchorFreq"":84.51,""ScoreBase"":506.56,""ScoreFinal"":422.05}","Score<MinimumScore","p language:Python stars:>=50","📑 PageIndex: Document Index for Vectorless, Reasoning-based RAG","0"
"pytorch/pytorch","https://github.com/pytorch/pytorch","Pythagora-io/gpt-pilot","https://github.com/Pythagora-io/gpt-pilot","Pythagora-io","Python","33775","llm","418.42","508.73","90.31","50","QueryCoverage excluded from Score (recommended).","False","0","0","1","0.7642","1","0","0.3333","Lang+Stars+Recency","{""Topic"":0.0,""Lexical"":0.0,""Lang"":250.0,""Stars"":133.73,""Recency"":125.0,""Subdomain"":0.0,""Retrieval"":0.0,""PenaltyCrossAnchorFreq"":90.31,""ScoreBase"":508.73,""ScoreFinal"":418.42}","Score<MinimumScore","p language:Python stars:>=50","The first real AI developer","0"
"pytorch/pytorch","https://github.com/pytorch/pytorch","hakandundar34coding/system-monitoring-center","https://github.com/hakandundar34coding/system-monitoring-center","hakandundar34coding","Python","974","llm","415.91","415.91","0","50","QueryCoverage excluded from Score (recommended).","False","0.0455","0","1","0","1","0","0.3333","Lang+Recency+Topic","{""Topic"":40.91,""Lexical"":0.0,""Lang"":250.0,""Stars"":0.0,""Recency"":125.0,""Subdomain"":0.0,""Retrieval"":0.0,""PenaltyCrossAnchorFreq"":0.0,""ScoreBase"":415.91,""ScoreFinal"":415.91}","Score<MinimumScore","topic:gpu language:Python stars:>=50","Multi-featured system monitor","0"
"pytorch/pytorch","https://github.com/pytorch/pytorch","jcmgray/quimb","https://github.com/jcmgray/quimb","jcmgray","Python","638","","415.91","415.91","0","50","QueryCoverage excluded from Score (recommended).","False","0.0455","0","1","0","1","0","0.3333","Lang+Recency+Topic","{""Topic"":40.91,""Lexical"":0.0,""Lang"":250.0,""Stars"":0.0,""Recency"":125.0,""Subdomain"":0.0,""Retrieval"":0.0,""PenaltyCrossAnchorFreq"":0.0,""ScoreBase"":415.91,""ScoreFinal"":415.91}","Score<MinimumScore","tensors language:Python stars:>=50","A python library for quantum information and many-body calculations including tensor networks.","0"
"pytorch/pytorch","https://github.com/pytorch/pytorch","psmarter/mini-infer","https://github.com/psmarter/mini-infer","psmarter","Python","236","llm","414.13","414.13","0","50","QueryCoverage excluded from Score (recommended).","False","0.0435","0","1","0","1","0","0.3333","Lang+Recency+Topic","{""Topic"":39.13,""Lexical"":0.0,""Lang"":250.0,""Stars"":0.0,""Recency"":125.0,""Subdomain"":0.0,""Retrieval"":0.0,""PenaltyCrossAnchorFreq"":0.0,""ScoreBase"":414.13,""ScoreFinal"":414.13}","Score<MinimumScore","tensors language:Python stars:>=50","LLM inference engine from scratch — paged KV cache, continuous batching, chunked prefill, prefix caching, speculative decoding, CUDA graph,  tensor parallelism,  OpenAI-compatible serving ","0"
"pytorch/pytorch","https://github.com/pytorch/pytorch","lucidrains/vit-pytorch","https://github.com/lucidrains/vit-pytorch","lucidrains","Python","25200","llm","413.09","497.6","84.51","50","QueryCoverage excluded from Score (recommended).","False","0","0","1","0.7006","1","0","0.3333","Lang+Recency+Stars","{""Topic"":0.0,""Lexical"":0.0,""Lang"":250.0,""Stars"":122.6,""Recency"":125.0,""Subdomain"":0.0,""Retrieval"":0.0,""PenaltyCrossAnchorFreq"":84.51,""ScoreBase"":497.6,""ScoreFinal"":413.09}","Score<MinimumScore","p language:Python stars:>=50","Implementation of Vision Transformer, a simple way to achieve SOTA in vision classification with only a single transformer encoder, in Pytorch","0"
"pytorch/pytorch","https://github.com/pytorch/pytorch","zetane/viewer","https://github.com/zetane/viewer","zetane","Python","1784","","396.99","396.99","0","50","QueryCoverage excluded from Score (recommended).","False","0","0","1","0.1257","1","0","0.3333","Lang+Recency+Stars","{""Topic"":0.0,""Lexical"":0.0,""Lang"":250.0,""Stars"":21.99,""Recency"":125.0,""Subdomain"":0.0,""Retrieval"":0.0,""PenaltyCrossAnchorFreq"":0.0,""ScoreBase"":396.99,""ScoreFinal"":396.99}","Score<MinimumScore","tensors language:Python stars:>=50","ML models and internal tensors 3D visualizer","0"
"pytorch/pytorch","https://github.com/pytorch/pytorch","sinaptik-ai/pandas-ai","https://github.com/sinaptik-ai/pandas-ai","sinaptik-ai","Python","23547","llm","387.1","495.02","107.92","50","QueryCoverage excluded from Score (recommended).","False","0","0","1","0.6858","1","0","0.3333","Lang+Recency+Stars","{""Topic"":0.0,""Lexical"":0.0,""Lang"":250.0,""Stars"":120.02,""Recency"":125.0,""Subdomain"":0.0,""Retrieval"":0.0,""PenaltyCrossAnchorFreq"":107.92,""ScoreBase"":495.02,""ScoreFinal"":387.1}","Score<MinimumScore","p language:Python stars:>=50","Chat with your database or your datalake (SQL, CSV, parquet). PandasAI makes data analysis conversational using LLMs and RAG.","0"
"pytorch/pytorch","https://github.com/pytorch/pytorch","UCSBarchlab/OpenTPU","https://github.com/UCSBarchlab/OpenTPU","UCSBarchlab","Python","755","","375","375","0","50","QueryCoverage excluded from Score (recommended).","False","0","0","1","0","1","0","0.3333","Lang+Recency+Topic","{""Topic"":0.0,""Lexical"":0.0,""Lang"":250.0,""Stars"":0.0,""Recency"":125.0,""Subdomain"":0.0,""Retrieval"":0.0,""PenaltyCrossAnchorFreq"":0.0,""ScoreBase"":375.0,""ScoreFinal"":375.0}","Score<MinimumScore","tensors language:Python stars:>=50","A open source reimplementation of Google's Tensor Processing Unit (TPU).","0"
"pytorch/pytorch","https://github.com/pytorch/pytorch","marin-community/levanter","https://github.com/marin-community/levanter","marin-community","Python","708","","375","375","0","50","QueryCoverage excluded from Score (recommended).","False","0","0","1","0","1","0","0.3333","Lang+Recency+Topic","{""Topic"":0.0,""Lexical"":0.0,""Lang"":250.0,""Stars"":0.0,""Recency"":125.0,""Subdomain"":0.0,""Retrieval"":0.0,""PenaltyCrossAnchorFreq"":0.0,""ScoreBase"":375.0,""ScoreFinal"":375.0}","Score<MinimumScore","tensors language:Python stars:>=50","Legible, Scalable, Reproducible Foundation Models with Named Tensors and Jax","0"
"pytorch/pytorch","https://github.com/pytorch/pytorch","robertcprice/nCPU","https://github.com/robertcprice/nCPU","robertcprice","Python","640","","375","375","0","50","QueryCoverage excluded from Score (recommended).","False","0","0","1","0","1","0","0.3333","Lang+Recency+Topic","{""Topic"":0.0,""Lexical"":0.0,""Lang"":250.0,""Stars"":0.0,""Recency"":125.0,""Subdomain"":0.0,""Retrieval"":0.0,""PenaltyCrossAnchorFreq"":0.0,""ScoreBase"":375.0,""ScoreFinal"":375.0}","Score<MinimumScore","tensors language:Python stars:>=50","nCPU: model-native and tensor-optimized CPU research runtimes with organized workloads, tools, and docs","0"
"pytorch/pytorch","https://github.com/pytorch/pytorch","fferflo/einx","https://github.com/fferflo/einx","fferflo","Python","505","","375","375","0","50","QueryCoverage excluded from Score (recommended).","False","0","0","1","0","1","0","0.3333","Lang+Recency+Topic","{""Topic"":0.0,""Lexical"":0.0,""Lang"":250.0,""Stars"":0.0,""Recency"":125.0,""Subdomain"":0.0,""Retrieval"":0.0,""PenaltyCrossAnchorFreq"":0.0,""ScoreBase"":375.0,""ScoreFinal"":375.0}","Score<MinimumScore","tensors language:Python stars:>=50","Universal Notation for Tensor Operations in Python","0"
"pytorch/pytorch","https://github.com/pytorch/pytorch","tenpy/tenpy","https://github.com/tenpy/tenpy","tenpy","Python","482","","375","375","0","50","QueryCoverage excluded from Score (recommended).","False","0","0","1","0","1","0","0.3333","Lang+Recency+Topic","{""Topic"":0.0,""Lexical"":0.0,""Lang"":250.0,""Stars"":0.0,""Recency"":125.0,""Subdomain"":0.0,""Retrieval"":0.0,""PenaltyCrossAnchorFreq"":0.0,""ScoreBase"":375.0,""ScoreFinal"":375.0}","Score<MinimumScore","tensors language:Python stars:>=50","Tensor Network Python (TeNPy)","0"
"pytorch/pytorch","https://github.com/pytorch/pytorch","ROCm/aiter","https://github.com/ROCm/aiter","ROCm","Python","440","","375","375","0","50","QueryCoverage excluded from Score (recommended).","False","0","0","1","0","1","0","0.3333","Lang+Recency+Topic","{""Topic"":0.0,""Lexical"":0.0,""Lang"":250.0,""Stars"":0.0,""Recency"":125.0,""Subdomain"":0.0,""Retrieval"":0.0,""PenaltyCrossAnchorFreq"":0.0,""ScoreBase"":375.0,""ScoreFinal"":375.0}","Score<MinimumScore","tensors language:Python stars:>=50","AI Tensor Engine for ROCm","0"
"pytorch/pytorch","https://github.com/pytorch/pytorch","coreweave/tensorizer","https://github.com/coreweave/tensorizer","coreweave","Python","309","","375","375","0","50","QueryCoverage excluded from Score (recommended).","False","0","0","1","0","1","0","0.3333","Lang+Recency+Topic","{""Topic"":0.0,""Lexical"":0.0,""Lang"":250.0,""Stars"":0.0,""Recency"":125.0,""Subdomain"":0.0,""Retrieval"":0.0,""PenaltyCrossAnchorFreq"":0.0,""ScoreBase"":375.0,""ScoreFinal"":375.0}","Score<MinimumScore","tensors language:Python stars:>=50","Module, Model, and Tensor Serialization/Deserialization","0"
"pytorch/pytorch","https://github.com/pytorch/pytorch","vllm-project/compressed-tensors","https://github.com/vllm-project/compressed-tensors","vllm-project","Python","284","","375","375","0","50","QueryCoverage excluded from Score (recommended).","False","0","0","1","0","1","0","0.3333","Lang+Recency+Topic","{""Topic"":0.0,""Lexical"":0.0,""Lang"":250.0,""Stars"":0.0,""Recency"":125.0,""Subdomain"":0.0,""Retrieval"":0.0,""PenaltyCrossAnchorFreq"":0.0,""ScoreBase"":375.0,""ScoreFinal"":375.0}","Score<MinimumScore","tensors language:Python stars:>=50","A safetensors extension to efficiently store sparse quantized tensors on disk","0"
"pytorch/pytorch","https://github.com/pytorch/pytorch","oseledets/ttpy","https://github.com/oseledets/ttpy","oseledets","Python","257","","375","375","0","50","QueryCoverage excluded from Score (recommended).","False","0","0","1","0","1","0","0.3333","Lang+Recency+Topic","{""Topic"":0.0,""Lexical"":0.0,""Lang"":250.0,""Stars"":0.0,""Recency"":125.0,""Subdomain"":0.0,""Retrieval"":0.0,""PenaltyCrossAnchorFreq"":0.0,""ScoreBase"":375.0,""ScoreFinal"":375.0}","Score<MinimumScore","tensors language:Python stars:>=50","Python implementation of the TT-Toolbox","0"
"pytorch/pytorch","https://github.com/pytorch/pytorch","NVlabs/storm","https://github.com/NVlabs/storm","NVlabs","Python","245","","375","375","0","50","QueryCoverage excluded from Score (recommended).","False","0","0","1","0","1","0","0.3333","Lang+Recency+Topic","{""Topic"":0.0,""Lexical"":0.0,""Lang"":250.0,""Stars"":0.0,""Recency"":125.0,""Subdomain"":0.0,""Retrieval"":0.0,""PenaltyCrossAnchorFreq"":0.0,""ScoreBase"":375.0,""ScoreFinal"":375.0}","Score<MinimumScore","tensors language:Python stars:>=50","Stochastic Tensor Optimization for Robot Motion - A GPU Robot Motion Toolkit","0"
"pytorch/pytorch","https://github.com/pytorch/pytorch","mnick/scikit-tensor","https://github.com/mnick/scikit-tensor","mnick","Python","405","","350","350","0","50","QueryCoverage excluded from Score (recommended).","False","0","0","1","0","0.8","0","0.3333","Lang+Recency+Topic","{""Topic"":0.0,""Lexical"":0.0,""Lang"":250.0,""Stars"":0.0,""Recency"":100.0,""Subdomain"":0.0,""Retrieval"":0.0,""PenaltyCrossAnchorFreq"":0.0,""ScoreBase"":350.0,""ScoreFinal"":350.0}","Score<MinimumScore","tensors language:Python stars:>=50","Python library for multilinear algebra and tensor factorizations","0"
"pytorch/pytorch","https://github.com/pytorch/pytorch","ibalazevic/TuckER","https://github.com/ibalazevic/TuckER","ibalazevic","Python","366","","350","350","0","50","QueryCoverage excluded from Score (recommended).","False","0","0","1","0","0.8","0","0.3333","Lang+Recency+Topic","{""Topic"":0.0,""Lexical"":0.0,""Lang"":250.0,""Stars"":0.0,""Recency"":100.0,""Subdomain"":0.0,""Retrieval"":0.0,""PenaltyCrossAnchorFreq"":0.0,""ScoreBase"":350.0,""ScoreFinal"":350.0}","Score<MinimumScore","tensors language:Python stars:>=50","TuckER: Tensor Factorization for Knowledge Graph Completion","0"
"pytorch/pytorch","https://github.com/pytorch/pytorch","ttrouill/complex","https://github.com/ttrouill/complex","ttrouill","Python","331","nlp","350","350","0","50","QueryCoverage excluded from Score (recommended).","False","0","0","1","0","0.8","0","0.3333","Lang+Recency+Topic","{""Topic"":0.0,""Lexical"":0.0,""Lang"":250.0,""Stars"":0.0,""Recency"":100.0,""Subdomain"":0.0,""Retrieval"":0.0,""PenaltyCrossAnchorFreq"":0.0,""ScoreBase"":350.0,""ScoreFinal"":350.0}","Score<MinimumScore","tensors language:Python stars:>=50","Source code for experiments in the papers ""Complex Embeddings for Simple Link Prediction"" (ICML 2016) and ""Knowledge Graph Completion via Complex Tensor Factorization"" (JMLR 2017).","0"
"pytorch/pytorch","https://github.com/pytorch/pytorch","GokuMohandas/Made-With-ML","https://github.com/GokuMohandas/Made-With-ML","GokuMohandas","Jupyter Notebook","47730","llm","307.26","421.87","114.61","50","QueryCoverage excluded from Score (recommended).","False","0.1667","0","0","0.8393","1","0","0.3333","Topic+Stars+Recency","{""Topic"":150.0,""Lexical"":0.0,""Lang"":0.0,""Stars"":146.87,""Recency"":125.0,""Subdomain"":0.0,""Retrieval"":0.0,""PenaltyCrossAnchorFreq"":114.61,""ScoreBase"":421.87,""ScoreFinal"":307.26}","Score<MinimumScore","topic:deep-learning stars:>=100","Learn how to develop, deploy and iterate on production-grade ML applications.","0"
"pytorch/pytorch","https://github.com/pytorch/pytorch","rasbt/LLMs-from-scratch","https://github.com/rasbt/LLMs-from-scratch","rasbt","Jupyter Notebook","95351","llm","290.26","410.67","120.41","50","QueryCoverage excluded from Score (recommended).","False","0.125","0","0","0.9895","1","0","0.3333","Stars+Recency+Topic","{""Topic"":112.5,""Lexical"":0.0,""Lang"":0.0,""Stars"":173.17,""Recency"":125.0,""Subdomain"":0.0,""Retrieval"":0.0,""PenaltyCrossAnchorFreq"":120.41,""ScoreBase"":410.67,""ScoreFinal"":290.26}","Score<MinimumScore","topic:deep-learning stars:>=100","Implement a ChatGPT-like LLM in PyTorch from scratch, step by step","0"
"pytorch/pytorch","https://github.com/pytorch/pytorch","asgeirtj/system_prompts_leaks","https://github.com/asgeirtj/system_prompts_leaks","asgeirtj","","40545","llm","211.86","334.9","123.04","50","QueryCoverage excluded from Score (recommended).","False","0.0769","0","0","0.8038","1","0","0.3333","Stars+Recency+Topic","{""Topic"":69.23,""Lexical"":0.0,""Lang"":0.0,""Stars"":140.67,""Recency"":125.0,""Subdomain"":0.0,""Retrieval"":0.0,""PenaltyCrossAnchorFreq"":123.04,""ScoreBase"":334.9,""ScoreFinal"":211.86}","Score<MinimumScore","topic:deep-learning stars:>=100","Extracted system prompts from Anthropic - Opus 4.7, Opus 4.6, Sonnet 4.6. OpenAI - ChatGPT 5.5 Thinking, GPT 5.5 Instant, Codex. Google Gemini - 3.5 Flash, 3.1 Pro, 3 Flash, Antigravity. xAI - Grok. Github Copilot. Perplexity, and more. Updated regularly.","0"
